DELETE FROM `npc_trainer` WHERE (`entry`=11868);
INSERT INTO `npc_trainer` (entry, spell, spellcost, reqskill, reqskillvalue, reqlevel) VALUES 
(11868, 465, 0, 0, 0, 0), 
(11868, 498, 0, 0, 0, 6), 
(11868, 633, 0, 0, 0, 10), 
(11868, 639, 0, 0, 0, 6), 
(11868, 642, 0, 0, 0, 34), 
(11868, 643, 0, 0, 0, 20), 
(11868, 647, 0, 0, 0, 14), 
(11868, 750, 0, 0, 0, 40), 
(11868, 853, 0, 0, 0, 8), 
(11868, 879, 0, 0, 0, 20), 
(11868, 1022, 0, 0, 0, 10), 
(11868, 1026, 0, 0, 0, 22), 
(11868, 1032, 0, 0, 0, 40), 
(11868, 1038, 0, 0, 0, 26), 
(11868, 1042, 0, 0, 0, 30), 
(11868, 1044, 0, 0, 0, 18), 
(11868, 1152, 0, 0, 0, 8), 
(11868, 2800, 0, 0, 0, 30), 
(11868, 2812, 0, 0, 0, 50), 
(11868, 3472, 0, 0, 0, 38), 
(11868, 4987, 0, 0, 0, 42), 
(11868, 5588, 0, 0, 0, 24), 
(11868, 5589, 0, 0, 0, 40), 
(11868, 5599, 0, 0, 0, 24), 
(11868, 5614, 0, 0, 0, 28), 
(11868, 5615, 0, 0, 0, 36), 
(11868, 6940, 0, 0, 0, 46), 
(11868, 7294, 0, 0, 0, 16), 
(11868, 10278, 0, 0, 0, 38), 
(11868, 10290, 0, 0, 0, 10), 
(11868, 10291, 0, 0, 0, 30), 
(11868, 10292, 0, 0, 0, 50), 
(11868, 10293, 0, 0, 0, 60), 
(11868, 10298, 0, 0, 0, 26), 
(11868, 10299, 0, 0, 0, 36), 
(11868, 10300, 0, 0, 0, 46), 
(11868, 10301, 0, 0, 0, 56), 
(11868, 10308, 0, 0, 0, 54), 
(11868, 10310, 0, 0, 0, 50), 
(11868, 10312, 0, 0, 0, 44), 
(11868, 10313, 0, 0, 0, 52), 
(11868, 10314, 0, 0, 0, 60), 
(11868, 10318, 0, 0, 0, 60), 
(11868, 10322, 0, 0, 0, 24), 
(11868, 10324, 0, 0, 0, 36), 
(11868, 10326, 0, 0, 0, 24), 
(11868, 10328, 0, 0, 0, 46), 
(11868, 10329, 0, 0, 0, 54), 
(11868, 13820, 0, 0, 0, 20), 
(11868, 19740, 0, 0, 0, 4), 
(11868, 19742, 0, 0, 0, 14), 
(11868, 19746, 0, 0, 0, 22), 
(11868, 19750, 0, 0, 0, 20), 
(11868, 19752, 0, 0, 0, 30), 
(11868, 19834, 0, 0, 0, 12), 
(11868, 19835, 0, 0, 0, 22), 
(11868, 19836, 0, 0, 0, 32), 
(11868, 19837, 0, 0, 0, 42), 
(11868, 19838, 0, 0, 0, 52), 
(11868, 19850, 0, 0, 0, 24), 
(11868, 19852, 0, 0, 0, 34), 
(11868, 19853, 0, 0, 0, 44), 
(11868, 19854, 0, 0, 0, 54), 
(11868, 19876, 0, 0, 0, 28), 
(11868, 19888, 0, 0, 0, 32), 
(11868, 19891, 0, 0, 0, 36), 
(11868, 19895, 0, 0, 0, 40), 
(11868, 19896, 0, 0, 0, 52), 
(11868, 19897, 0, 0, 0, 44), 
(11868, 19898, 0, 0, 0, 56), 
(11868, 19899, 0, 0, 0, 48), 
(11868, 19900, 0, 0, 0, 60), 
(11868, 19939, 0, 0, 0, 26), 
(11868, 19940, 0, 0, 0, 34), 
(11868, 19941, 0, 0, 0, 42), 
(11868, 19942, 0, 0, 0, 50), 
(11868, 19943, 0, 0, 0, 58), 
(11868, 20116, 0, 0, 0, 30), 
(11868, 20164, 0, 0, 0, 22), 
(11868, 20165, 0, 0, 0, 30), 
(11868, 20166, 0, 0, 0, 38), 
(11868, 20217, 0, 0, 0, 20), 
(11868, 20271, 0, 0, 0, 4), 
(11868, 20772, 0, 0, 0, 48), 
(11868, 20773, 0, 0, 0, 60), 
(11868, 20922, 0, 0, 0, 40), 
(11868, 20923, 0, 0, 0, 50), 
(11868, 20924, 0, 0, 0, 60), 
(11868, 20927, 0, 0, 0, 50), 
(11868, 20928, 0, 0, 0, 60), 
(11868, 20929, 0, 0, 0, 48), 
(11868, 20930, 0, 0, 0, 56), 
(11868, 23215, 0, 0, 0, 40), 
(11868, 24239, 0, 0, 0, 60), 
(11868, 24274, 0, 0, 0, 52), 
(11868, 24275, 0, 0, 0, 44), 
(11868, 25290, 0, 0, 0, 60), 
(11868, 25291, 0, 0, 0, 60), 
(11868, 25292, 0, 0, 0, 60), 
(11868, 25780, 0, 0, 0, 16), 
(11868, 25782, 0, 0, 0, 52), 
(11868, 25894, 0, 0, 0, 54), 
(11868, 25898, 0, 0, 0, 60), 
(11868, 25899, 0, 0, 0, 60), 
(11868, 25916, 0, 0, 0, 60), 
(11868, 25918, 0, 0, 0, 60), 
(11868, 26573, 0, 0, 0, 20), 
(11868, 27135, 0, 0, 0, 62), 
(11868, 27136, 0, 0, 0, 70), 
(11868, 27137, 0, 0, 0, 66), 
(11868, 27138, 0, 0, 0, 68), 
(11868, 27139, 0, 0, 0, 69), 
(11868, 27140, 0, 0, 0, 70), 
(11868, 27141, 0, 0, 0, 70), 
(11868, 27142, 0, 0, 0, 65), 
(11868, 27143, 0, 0, 0, 65), 
(11868, 27149, 0, 0, 0, 70), 
(11868, 27150, 0, 0, 0, 66), 
(11868, 27151, 0, 0, 0, 63), 
(11868, 27152, 0, 0, 0, 68), 
(11868, 27153, 0, 0, 0, 70), 
(11868, 27154, 0, 0, 0, 69), 
(11868, 27173, 0, 0, 0, 70), 
(11868, 27174, 0, 0, 0, 64), 
(11868, 27179, 0, 0, 0, 70), 
(11868, 27180, 0, 0, 0, 68), 
(11868, 31789, 0, 0, 0, 14), 
(11868, 31801, 0, 0, 0, 64), 
(11868, 31884, 0, 0, 0, 70), 
(11868, 32223, 0, 0, 0, 62), 
(11868, 32699, 0, 0, 0, 60), 
(11868, 32700, 0, 0, 0, 70), 
(11868, 33072, 0, 0, 0, 70), 
(11868, 48781, 0, 0, 0, 75), 
(11868, 48782, 0, 0, 0, 80), 
(11868, 48784, 0, 0, 0, 74), 
(11868, 48785, 0, 0, 0, 79), 
(11868, 48788, 0, 0, 0, 78), 
(11868, 48800, 0, 0, 0, 73), 
(11868, 48801, 0, 0, 0, 79), 
(11868, 48805, 0, 0, 0, 74), 
(11868, 48806, 0, 0, 0, 80), 
(11868, 48816, 0, 0, 0, 72), 
(11868, 48817, 0, 0, 0, 78), 
(11868, 48818, 0, 0, 0, 75), 
(11868, 48819, 0, 0, 0, 80), 
(11868, 48824, 0, 0, 0, 75), 
(11868, 48825, 0, 0, 0, 80), 
(11868, 48826, 0, 0, 0, 75), 
(11868, 48827, 0, 0, 0, 80), 
(11868, 48931, 0, 0, 0, 73), 
(11868, 48932, 0, 0, 0, 79), 
(11868, 48933, 0, 0, 0, 73), 
(11868, 48934, 0, 0, 0, 79), 
(11868, 48935, 0, 0, 0, 71), 
(11868, 48936, 0, 0, 0, 77), 
(11868, 48937, 0, 0, 0, 71), 
(11868, 48938, 0, 0, 0, 77), 
(11868, 48941, 0, 0, 0, 74), 
(11868, 48942, 0, 0, 0, 79), 
(11868, 48943, 0, 0, 0, 76), 
(11868, 48945, 0, 0, 0, 77), 
(11868, 48947, 0, 0, 0, 78), 
(11868, 48949, 0, 0, 0, 72), 
(11868, 48950, 0, 0, 0, 79), 
(11868, 48951, 0, 0, 0, 75), 
(11868, 48952, 0, 0, 0, 80), 
(11868, 53407, 0, 0, 0, 28), 
(11868, 53408, 0, 0, 0, 12), 
(11868, 53600, 0, 0, 0, 75), 
(11868, 53601, 0, 0, 0, 80), 
(11868, 54043, 0, 0, 0, 76), 
(11868, 54428, 0, 0, 0, 71), 
(11868, 61411, 0, 0, 0, 80), 
(11868, 62124, 0, 0, 0, 16), 
(11868, 7328, 0, 0, 0, 12), 
(11868, 5502, 0, 0, 0, 20), 
(11868, 34769, 0, 0, 0, 20), 
(11868, 13819, 0, 0, 0, 20), 
(11868, 23214, 0, 0, 0, 40), 
(11868, 34767, 0, 0, 0, 40), 
(11868, 99, 0, 0, 0, 10), 
(11868, 339, 0, 0, 0, 8), 
(11868, 467, 0, 0, 0, 6), 
(11868, 740, 0, 0, 0, 30), 
(11868, 768, 0, 0, 0, 20), 
(11868, 769, 0, 0, 0, 34), 
(11868, 770, 0, 0, 0, 18), 
(11868, 774, 0, 0, 0, 4), 
(11868, 779, 0, 0, 0, 16), 
(11868, 780, 0, 0, 0, 24), 
(11868, 782, 0, 0, 0, 14), 
(11868, 783, 0, 0, 0, 16), 
(11868, 1058, 0, 0, 0, 10), 
(11868, 1062, 0, 0, 0, 18), 
(11868, 1075, 0, 0, 0, 24), 
(11868, 1079, 0, 0, 0, 20), 
(11868, 1082, 0, 0, 0, 20), 
(11868, 1126, 0, 0, 0, 0), 
(11868, 1430, 0, 0, 0, 16), 
(11868, 1735, 0, 0, 0, 20), 
(11868, 1822, 0, 0, 0, 24), 
(11868, 1823, 0, 0, 0, 34), 
(11868, 1824, 0, 0, 0, 44), 
(11868, 1850, 0, 0, 0, 26), 
(11868, 2090, 0, 0, 0, 22), 
(11868, 2091, 0, 0, 0, 28), 
(11868, 2637, 0, 0, 0, 18), 
(11868, 2782, 0, 0, 0, 24), 
(11868, 2893, 0, 0, 0, 26), 
(11868, 2908, 0, 0, 0, 22), 
(11868, 2912, 0, 0, 0, 20), 
(11868, 3029, 0, 0, 0, 28), 
(11868, 3627, 0, 0, 0, 34), 
(11868, 5177, 0, 0, 0, 6), 
(11868, 5178, 0, 0, 0, 14), 
(11868, 5179, 0, 0, 0, 22), 
(11868, 5180, 0, 0, 0, 30), 
(11868, 5186, 0, 0, 0, 8), 
(11868, 5187, 0, 0, 0, 14), 
(11868, 5188, 0, 0, 0, 20), 
(11868, 5189, 0, 0, 0, 26), 
(11868, 5195, 0, 0, 0, 28), 
(11868, 5196, 0, 0, 0, 38), 
(11868, 5201, 0, 0, 0, 38), 
(11868, 5209, 0, 0, 0, 28), 
(11868, 5211, 0, 0, 0, 14), 
(11868, 5215, 0, 0, 0, 20), 
(11868, 5217, 0, 0, 0, 24), 
(11868, 5221, 0, 0, 0, 22), 
(11868, 5225, 0, 0, 0, 32), 
(11868, 5229, 0, 0, 0, 12), 
(11868, 5232, 0, 0, 0, 10), 
(11868, 5234, 0, 0, 0, 30), 
(11868, 6756, 0, 0, 0, 20), 
(11868, 6778, 0, 0, 0, 32), 
(11868, 6780, 0, 0, 0, 38), 
(11868, 6783, 0, 0, 0, 40), 
(11868, 6785, 0, 0, 0, 32), 
(11868, 6787, 0, 0, 0, 42), 
(11868, 6793, 0, 0, 0, 36), 
(11868, 6798, 0, 0, 0, 30), 
(11868, 6800, 0, 0, 0, 30), 
(11868, 6808, 0, 0, 0, 18), 
(11868, 6809, 0, 0, 0, 26), 
(11868, 8903, 0, 0, 0, 38), 
(11868, 8905, 0, 0, 0, 46), 
(11868, 8907, 0, 0, 0, 40), 
(11868, 8910, 0, 0, 0, 40), 
(11868, 8914, 0, 0, 0, 34), 
(11868, 8918, 0, 0, 0, 40), 
(11868, 8921, 0, 0, 0, 4), 
(11868, 8924, 0, 0, 0, 10), 
(11868, 8925, 0, 0, 0, 16), 
(11868, 8926, 0, 0, 0, 22), 
(11868, 8927, 0, 0, 0, 28), 
(11868, 8928, 0, 0, 0, 34), 
(11868, 8929, 0, 0, 0, 40), 
(11868, 8936, 0, 0, 0, 12), 
(11868, 8938, 0, 0, 0, 18), 
(11868, 8939, 0, 0, 0, 24), 
(11868, 8940, 0, 0, 0, 30), 
(11868, 8941, 0, 0, 0, 36), 
(11868, 8949, 0, 0, 0, 26), 
(11868, 8950, 0, 0, 0, 34), 
(11868, 8951, 0, 0, 0, 42), 
(11868, 8955, 0, 0, 0, 38), 
(11868, 8972, 0, 0, 0, 34), 
(11868, 8983, 0, 0, 0, 46), 
(11868, 8992, 0, 0, 0, 38), 
(11868, 8998, 0, 0, 0, 28), 
(11868, 9000, 0, 0, 0, 40), 
(11868, 9005, 0, 0, 0, 36), 
(11868, 9490, 0, 0, 0, 32), 
(11868, 9492, 0, 0, 0, 28), 
(11868, 9493, 0, 0, 0, 36), 
(11868, 9634, 0, 0, 0, 40), 
(11868, 9745, 0, 0, 0, 42), 
(11868, 9747, 0, 0, 0, 42), 
(11868, 9750, 0, 0, 0, 42), 
(11868, 9752, 0, 0, 0, 44), 
(11868, 9754, 0, 0, 0, 44), 
(11868, 9756, 0, 0, 0, 44), 
(11868, 9758, 0, 0, 0, 44), 
(11868, 9821, 0, 0, 0, 46), 
(11868, 9823, 0, 0, 0, 46), 
(11868, 9827, 0, 0, 0, 56), 
(11868, 9829, 0, 0, 0, 46), 
(11868, 9830, 0, 0, 0, 54), 
(11868, 9833, 0, 0, 0, 46), 
(11868, 9834, 0, 0, 0, 52), 
(11868, 9835, 0, 0, 0, 58), 
(11868, 9839, 0, 0, 0, 46), 
(11868, 9840, 0, 0, 0, 52), 
(11868, 9841, 0, 0, 0, 58), 
(11868, 9845, 0, 0, 0, 48), 
(11868, 9846, 0, 0, 0, 60), 
(11868, 9849, 0, 0, 0, 48), 
(11868, 9850, 0, 0, 0, 58), 
(11868, 9852, 0, 0, 0, 48), 
(11868, 9853, 0, 0, 0, 58), 
(11868, 9856, 0, 0, 0, 48), 
(11868, 9857, 0, 0, 0, 54), 
(11868, 9858, 0, 0, 0, 60), 
(11868, 9862, 0, 0, 0, 50), 
(11868, 9863, 0, 0, 0, 60), 
(11868, 9866, 0, 0, 0, 50), 
(11868, 9867, 0, 0, 0, 58), 
(11868, 9875, 0, 0, 0, 50), 
(11868, 9876, 0, 0, 0, 58), 
(11868, 9880, 0, 0, 0, 50), 
(11868, 9881, 0, 0, 0, 58), 
(11868, 9884, 0, 0, 0, 50), 
(11868, 9885, 0, 0, 0, 60), 
(11868, 9888, 0, 0, 0, 50), 
(11868, 9889, 0, 0, 0, 56), 
(11868, 9892, 0, 0, 0, 52), 
(11868, 9894, 0, 0, 0, 52), 
(11868, 9896, 0, 0, 0, 60), 
(11868, 9898, 0, 0, 0, 52), 
(11868, 9901, 0, 0, 0, 54), 
(11868, 9904, 0, 0, 0, 54), 
(11868, 9908, 0, 0, 0, 54), 
(11868, 9910, 0, 0, 0, 54), 
(11868, 9912, 0, 0, 0, 54), 
(11868, 9913, 0, 0, 0, 60), 
(11868, 16689, 0, 0, 0, 10), 
(11868, 16810, 0, 0, 0, 18), 
(11868, 16811, 0, 0, 0, 28), 
(11868, 16812, 0, 0, 0, 38), 
(11868, 16813, 0, 0, 0, 48), 
(11868, 16857, 0, 0, 0, 18), 
(11868, 16914, 0, 0, 0, 40), 
(11868, 17329, 0, 0, 0, 58), 
(11868, 17401, 0, 0, 0, 50), 
(11868, 17402, 0, 0, 0, 60), 
(11868, 18657, 0, 0, 0, 38), 
(11868, 18658, 0, 0, 0, 58), 
(11868, 20484, 0, 0, 0, 20), 
(11868, 20719, 0, 0, 0, 40), 
(11868, 20739, 0, 0, 0, 30), 
(11868, 20742, 0, 0, 0, 40), 
(11868, 20747, 0, 0, 0, 50), 
(11868, 20748, 0, 0, 0, 60), 
(11868, 21849, 0, 0, 0, 50), 
(11868, 21850, 0, 0, 0, 60), 
(11868, 22568, 0, 0, 0, 32), 
(11868, 22570, 0, 0, 0, 62), 
(11868, 22812, 0, 0, 0, 44), 
(11868, 22827, 0, 0, 0, 40), 
(11868, 22828, 0, 0, 0, 48), 
(11868, 22829, 0, 0, 0, 56), 
(11868, 22842, 0, 0, 0, 36), 
(11868, 24248, 0, 0, 0, 63), 
(11868, 24974, 0, 0, 0, 30), 
(11868, 24975, 0, 0, 0, 40), 
(11868, 24976, 0, 0, 0, 50), 
(11868, 24977, 0, 0, 0, 60), 
(11868, 25297, 0, 0, 0, 60), 
(11868, 25298, 0, 0, 0, 60), 
(11868, 25299, 0, 0, 0, 60), 
(11868, 26978, 0, 0, 0, 62), 
(11868, 26979, 0, 0, 0, 69), 
(11868, 26980, 0, 0, 0, 65), 
(11868, 26981, 0, 0, 0, 63), 
(11868, 26982, 0, 0, 0, 69), 
(11868, 26983, 0, 0, 0, 70), 
(11868, 26984, 0, 0, 0, 61), 
(11868, 26985, 0, 0, 0, 69), 
(11868, 26986, 0, 0, 0, 67), 
(11868, 26987, 0, 0, 0, 63), 
(11868, 26988, 0, 0, 0, 70), 
(11868, 26989, 0, 0, 0, 68), 
(11868, 26990, 0, 0, 0, 70), 
(11868, 26991, 0, 0, 0, 70), 
(11868, 26992, 0, 0, 0, 64), 
(11868, 26994, 0, 0, 0, 69), 
(11868, 26995, 0, 0, 0, 70), 
(11868, 26996, 0, 0, 0, 67), 
(11868, 26997, 0, 0, 0, 64), 
(11868, 26998, 0, 0, 0, 62), 
(11868, 27000, 0, 0, 0, 67), 
(11868, 27001, 0, 0, 0, 61), 
(11868, 27002, 0, 0, 0, 70), 
(11868, 27003, 0, 0, 0, 64), 
(11868, 27004, 0, 0, 0, 69), 
(11868, 27005, 0, 0, 0, 66), 
(11868, 27006, 0, 0, 0, 66), 
(11868, 27008, 0, 0, 0, 67), 
(11868, 27009, 0, 0, 0, 68), 
(11868, 27012, 0, 0, 0, 70), 
(11868, 27013, 0, 0, 0, 70), 
(11868, 29166, 0, 0, 0, 40), 
(11868, 31018, 0, 0, 0, 60), 
(11868, 31709, 0, 0, 0, 60), 
(11868, 33357, 0, 0, 0, 65), 
(11868, 33745, 0, 0, 0, 66), 
(11868, 33763, 0, 0, 0, 64), 
(11868, 33786, 0, 0, 0, 70), 
(11868, 33943, 0, 762, 150, 68), 
(11868, 33950, 0, 762, 150, 60), 
(11868, 33982, 0, 0, 0, 58), 
(11868, 33983, 0, 0, 0, 68), 
(11868, 33986, 0, 0, 0, 58), 
(11868, 33987, 0, 0, 0, 68), 
(11868, 48377, 0, 0, 0, 74), 
(11868, 48378, 0, 0, 0, 79), 
(11868, 48440, 0, 0, 0, 75), 
(11868, 48441, 0, 0, 0, 80), 
(11868, 48442, 0, 0, 0, 71), 
(11868, 48443, 0, 0, 0, 77), 
(11868, 48446, 0, 0, 0, 75), 
(11868, 48447, 0, 0, 0, 80), 
(11868, 48450, 0, 0, 0, 72), 
(11868, 48451, 0, 0, 0, 80), 
(11868, 48459, 0, 0, 0, 74), 
(11868, 48461, 0, 0, 0, 79), 
(11868, 48462, 0, 0, 0, 75), 
(11868, 48463, 0, 0, 0, 80), 
(11868, 48464, 0, 0, 0, 72), 
(11868, 48465, 0, 0, 0, 78), 
(11868, 48467, 0, 0, 0, 80), 
(11868, 48468, 0, 0, 0, 80), 
(11868, 48469, 0, 0, 0, 80), 
(11868, 48470, 0, 0, 0, 80), 
(11868, 48477, 0, 0, 0, 79), 
(11868, 48479, 0, 0, 0, 73), 
(11868, 48480, 0, 0, 0, 79), 
(11868, 48559, 0, 0, 0, 71), 
(11868, 48560, 0, 0, 0, 77), 
(11868, 48561, 0, 0, 0, 72), 
(11868, 48562, 0, 0, 0, 77), 
(11868, 48563, 0, 0, 0, 75), 
(11868, 48564, 0, 0, 0, 80), 
(11868, 48565, 0, 0, 0, 75), 
(11868, 48566, 0, 0, 0, 80), 
(11868, 48567, 0, 0, 0, 73), 
(11868, 48568, 0, 0, 0, 80), 
(11868, 48569, 0, 0, 0, 73), 
(11868, 48570, 0, 0, 0, 79), 
(11868, 48571, 0, 0, 0, 75), 
(11868, 48572, 0, 0, 0, 80), 
(11868, 48573, 0, 0, 0, 72), 
(11868, 48574, 0, 0, 0, 78), 
(11868, 48575, 0, 0, 0, 76), 
(11868, 48576, 0, 0, 0, 72), 
(11868, 48577, 0, 0, 0, 78), 
(11868, 48578, 0, 0, 0, 73), 
(11868, 48579, 0, 0, 0, 79), 
(11868, 49799, 0, 0, 0, 71), 
(11868, 49800, 0, 0, 0, 80), 
(11868, 49802, 0, 0, 0, 74), 
(11868, 49803, 0, 0, 0, 77), 
(11868, 50212, 0, 0, 0, 71), 
(11868, 50213, 0, 0, 0, 79), 
(11868, 50464, 0, 0, 0, 80), 
(11868, 50763, 0, 0, 0, 80), 
(11868, 50764, 0, 0, 0, 69), 
(11868, 50765, 0, 0, 0, 60), 
(11868, 50766, 0, 0, 0, 48), 
(11868, 50767, 0, 0, 0, 36), 
(11868, 50768, 0, 0, 0, 24), 
(11868, 50769, 0, 0, 0, 12), 
(11868, 52610, 0, 0, 0, 75), 
(11868, 53199, 0, 0, 0, 70), 
(11868, 53200, 0, 0, 0, 75), 
(11868, 53201, 0, 0, 0, 80), 
(11868, 53223, 0, 0, 0, 60), 
(11868, 53225, 0, 0, 0, 70), 
(11868, 53226, 0, 0, 0, 75), 
(11868, 53248, 0, 0, 0, 70), 
(11868, 53249, 0, 0, 0, 75), 
(11868, 53251, 0, 0, 0, 80), 
(11868, 53307, 0, 0, 0, 74), 
(11868, 53308, 0, 0, 0, 78), 
(11868, 53312, 0, 0, 0, 78), 
(11868, 61384, 0, 0, 0, 80), 
(11868, 62078, 0, 0, 0, 71), 
(11868, 62600, 0, 0, 0, 40), 
(11868, 1066, 0, 0, 0, 16), 
(11868, 8946, 0, 0, 0, 14), 
(11868, 40120, 0, 0, 0, 71), 
(11868, 5487, 0, 0, 0, 10), 
(11868, 6795, 0, 0, 0, 10), 
(11868, 6807, 0, 0, 0, 10), 
(11868, 136, 0, 0, 0, 12), 
(11868, 674, 0, 0, 0, 20), 
(11868, 781, 0, 0, 0, 20), 
(11868, 1002, 0, 0, 0, 14), 
(11868, 1130, 0, 0, 0, 6), 
(11868, 1462, 0, 0, 0, 24), 
(11868, 1494, 0, 0, 0, 0), 
(11868, 1495, 0, 0, 0, 16), 
(11868, 1499, 0, 0, 0, 20), 
(11868, 1510, 0, 0, 0, 40), 
(11868, 1513, 0, 0, 0, 14), 
(11868, 1543, 0, 0, 0, 32), 
(11868, 1978, 0, 0, 0, 4), 
(11868, 2643, 0, 0, 0, 18), 
(11868, 2974, 0, 0, 0, 12), 
(11868, 3034, 0, 0, 0, 36), 
(11868, 3043, 0, 0, 0, 22), 
(11868, 3044, 0, 0, 0, 6), 
(11868, 3045, 0, 0, 0, 26), 
(11868, 3111, 0, 0, 0, 20), 
(11868, 3127, 0, 0, 0, 8), 
(11868, 3661, 0, 0, 0, 28), 
(11868, 3662, 0, 0, 0, 36), 
(11868, 5116, 0, 0, 0, 8), 
(11868, 5118, 0, 0, 0, 16), 
(11868, 5384, 0, 0, 0, 30), 
(11868, 6197, 0, 0, 0, 14), 
(11868, 13159, 0, 0, 0, 40), 
(11868, 13161, 0, 0, 0, 30), 
(11868, 13163, 0, 0, 0, 4), 
(11868, 13165, 0, 0, 0, 10), 
(11868, 13542, 0, 0, 0, 44), 
(11868, 13543, 0, 0, 0, 52), 
(11868, 13544, 0, 0, 0, 60), 
(11868, 13549, 0, 0, 0, 10), 
(11868, 13550, 0, 0, 0, 18), 
(11868, 13551, 0, 0, 0, 26), 
(11868, 13552, 0, 0, 0, 34), 
(11868, 13553, 0, 0, 0, 42), 
(11868, 13554, 0, 0, 0, 50), 
(11868, 13555, 0, 0, 0, 58), 
(11868, 13795, 0, 0, 0, 16), 
(11868, 13809, 0, 0, 0, 28), 
(11868, 13813, 0, 0, 0, 34), 
(11868, 14260, 0, 0, 0, 8), 
(11868, 14261, 0, 0, 0, 16), 
(11868, 14262, 0, 0, 0, 24), 
(11868, 14263, 0, 0, 0, 32), 
(11868, 14264, 0, 0, 0, 40), 
(11868, 14265, 0, 0, 0, 48), 
(11868, 14266, 0, 0, 0, 56), 
(11868, 14267, 0, 0, 0, 38), 
(11868, 14268, 0, 0, 0, 60), 
(11868, 14269, 0, 0, 0, 30), 
(11868, 14270, 0, 0, 0, 44), 
(11868, 14271, 0, 0, 0, 58), 
(11868, 14281, 0, 0, 0, 12), 
(11868, 14282, 0, 0, 0, 20), 
(11868, 14283, 0, 0, 0, 28), 
(11868, 14284, 0, 0, 0, 36), 
(11868, 14285, 0, 0, 0, 44), 
(11868, 14286, 0, 0, 0, 52), 
(11868, 14287, 0, 0, 0, 60), 
(11868, 14288, 0, 0, 0, 30), 
(11868, 14289, 0, 0, 0, 42), 
(11868, 14290, 0, 0, 0, 54), 
(11868, 14294, 0, 0, 0, 50), 
(11868, 14295, 0, 0, 0, 58), 
(11868, 14302, 0, 0, 0, 26), 
(11868, 14303, 0, 0, 0, 36), 
(11868, 14304, 0, 0, 0, 46), 
(11868, 14305, 0, 0, 0, 56), 
(11868, 14310, 0, 0, 0, 40), 
(11868, 14311, 0, 0, 0, 60), 
(11868, 14316, 0, 0, 0, 44), 
(11868, 14317, 0, 0, 0, 54), 
(11868, 14318, 0, 0, 0, 18), 
(11868, 14319, 0, 0, 0, 28), 
(11868, 14320, 0, 0, 0, 38), 
(11868, 14321, 0, 0, 0, 48), 
(11868, 14322, 0, 0, 0, 58), 
(11868, 14323, 0, 0, 0, 22), 
(11868, 14324, 0, 0, 0, 40), 
(11868, 14325, 0, 0, 0, 58), 
(11868, 14326, 0, 0, 0, 30), 
(11868, 14327, 0, 0, 0, 46), 
(11868, 19263, 0, 0, 0, 60), 
(11868, 19801, 0, 0, 0, 60), 
(11868, 19878, 0, 0, 0, 32), 
(11868, 19879, 0, 0, 0, 50), 
(11868, 19880, 0, 0, 0, 26), 
(11868, 19882, 0, 0, 0, 40), 
(11868, 19884, 0, 0, 0, 18), 
(11868, 19885, 0, 0, 0, 24), 
(11868, 20043, 0, 0, 0, 46), 
(11868, 20190, 0, 0, 0, 56), 
(11868, 20736, 0, 0, 0, 12), 
(11868, 20900, 0, 0, 0, 28), 
(11868, 20901, 0, 0, 0, 36), 
(11868, 20902, 0, 0, 0, 44), 
(11868, 20903, 0, 0, 0, 52), 
(11868, 20904, 0, 0, 0, 60), 
(11868, 20909, 0, 0, 0, 42), 
(11868, 20910, 0, 0, 0, 54), 
(11868, 24132, 0, 0, 0, 50), 
(11868, 24133, 0, 0, 0, 60), 
(11868, 25294, 0, 0, 0, 60), 
(11868, 25295, 0, 0, 0, 60), 
(11868, 25296, 0, 0, 0, 60), 
(11868, 27014, 0, 0, 0, 63), 
(11868, 27016, 0, 0, 0, 67), 
(11868, 27019, 0, 0, 0, 69), 
(11868, 27021, 0, 0, 0, 67), 
(11868, 27022, 0, 0, 0, 67), 
(11868, 27023, 0, 0, 0, 65), 
(11868, 27025, 0, 0, 0, 61), 
(11868, 27044, 0, 0, 0, 68), 
(11868, 27045, 0, 0, 0, 68), 
(11868, 27046, 0, 0, 0, 68), 
(11868, 27065, 0, 0, 0, 70), 
(11868, 27067, 0, 0, 0, 66), 
(11868, 27068, 0, 0, 0, 70), 
(11868, 34026, 0, 0, 0, 66), 
(11868, 34074, 0, 0, 0, 20), 
(11868, 34120, 0, 0, 0, 62), 
(11868, 34477, 0, 0, 0, 70), 
(11868, 34600, 0, 0, 0, 68), 
(11868, 36916, 0, 0, 0, 70), 
(11868, 48989, 0, 0, 0, 74), 
(11868, 48990, 0, 0, 0, 80), 
(11868, 48995, 0, 0, 0, 71), 
(11868, 48996, 0, 0, 0, 77), 
(11868, 48998, 0, 0, 0, 72), 
(11868, 48999, 0, 0, 0, 78), 
(11868, 49000, 0, 0, 0, 73), 
(11868, 49001, 0, 0, 0, 79), 
(11868, 49011, 0, 0, 0, 75), 
(11868, 49012, 0, 0, 0, 80), 
(11868, 49044, 0, 0, 0, 73), 
(11868, 49045, 0, 0, 0, 79), 
(11868, 49047, 0, 0, 0, 74), 
(11868, 49048, 0, 0, 0, 80), 
(11868, 49049, 0, 0, 0, 75), 
(11868, 49050, 0, 0, 0, 80), 
(11868, 49051, 0, 0, 0, 71), 
(11868, 49052, 0, 0, 0, 77), 
(11868, 49055, 0, 0, 0, 72), 
(11868, 49056, 0, 0, 0, 78), 
(11868, 49066, 0, 0, 0, 71), 
(11868, 49067, 0, 0, 0, 77), 
(11868, 49071, 0, 0, 0, 76), 
(11868, 53271, 0, 0, 0, 75), 
(11868, 53338, 0, 0, 0, 76), 
(11868, 53339, 0, 0, 0, 80), 
(11868, 53351, 0, 0, 0, 71), 
(11868, 56641, 0, 0, 0, 50), 
(11868, 58431, 0, 0, 0, 74), 
(11868, 58434, 0, 0, 0, 80), 
(11868, 60051, 0, 0, 0, 70), 
(11868, 60052, 0, 0, 0, 75), 
(11868, 60053, 0, 0, 0, 80), 
(11868, 60192, 0, 0, 0, 80), 
(11868, 61005, 0, 0, 0, 75), 
(11868, 61006, 0, 0, 0, 80), 
(11868, 61846, 0, 0, 0, 74), 
(11868, 61847, 0, 0, 0, 80), 
(11868, 63668, 0, 0, 0, 57), 
(11868, 63669, 0, 0, 0, 63), 
(11868, 63670, 0, 0, 0, 69), 
(11868, 63671, 0, 0, 0, 75), 
(11868, 63672, 0, 0, 0, 80), 
(11868, 883, 0, 0, 0, 10), 
(11868, 2641, 0, 0, 0, 10), 
(11868, 6991, 0, 0, 0, 10), 
(11868, 982, 0, 0, 0, 10), 
(11868, 1515, 0, 0, 0, 10), 
(11868, 10, 0, 0, 0, 20), 
(11868, 66, 0, 0, 0, 68), 
(11868, 116, 0, 0, 0, 4), 
(11868, 118, 0, 0, 0, 8), 
(11868, 120, 0, 0, 0, 26), 
(11868, 122, 0, 0, 0, 10), 
(11868, 130, 0, 0, 0, 12), 
(11868, 143, 0, 0, 0, 6), 
(11868, 145, 0, 0, 0, 12), 
(11868, 205, 0, 0, 0, 8), 
(11868, 475, 0, 0, 0, 18), 
(11868, 543, 0, 0, 0, 20), 
(11868, 587, 0, 0, 0, 6), 
(11868, 597, 0, 0, 0, 12), 
(11868, 604, 0, 0, 0, 12), 
(11868, 759, 0, 0, 0, 28), 
(11868, 837, 0, 0, 0, 14), 
(11868, 865, 0, 0, 0, 26), 
(11868, 990, 0, 0, 0, 22), 
(11868, 1008, 0, 0, 0, 18), 
(11868, 1449, 0, 0, 0, 14), 
(11868, 1459, 0, 0, 0, 0), 
(11868, 1460, 0, 0, 0, 14), 
(11868, 1461, 0, 0, 0, 28), 
(11868, 1463, 0, 0, 0, 20), 
(11868, 1953, 0, 0, 0, 20), 
(11868, 2120, 0, 0, 0, 16), 
(11868, 2121, 0, 0, 0, 24), 
(11868, 2136, 0, 0, 0, 6), 
(11868, 2137, 0, 0, 0, 14), 
(11868, 2138, 0, 0, 0, 22), 
(11868, 2139, 0, 0, 0, 24), 
(11868, 2948, 0, 0, 0, 22), 
(11868, 3140, 0, 0, 0, 18), 
(11868, 3552, 0, 0, 0, 38), 
(11868, 3561, 0, 0, 0, 20), 
(11868, 3562, 0, 0, 0, 20), 
(11868, 3565, 0, 0, 0, 30), 
(11868, 5143, 0, 0, 0, 8), 
(11868, 5144, 0, 0, 0, 16), 
(11868, 5145, 0, 0, 0, 24), 
(11868, 5504, 0, 0, 0, 4), 
(11868, 5505, 0, 0, 0, 10), 
(11868, 5506, 0, 0, 0, 20), 
(11868, 6117, 0, 0, 0, 34), 
(11868, 6127, 0, 0, 0, 30), 
(11868, 6129, 0, 0, 0, 32), 
(11868, 6131, 0, 0, 0, 40), 
(11868, 6141, 0, 0, 0, 28), 
(11868, 6143, 0, 0, 0, 22), 
(11868, 7300, 0, 0, 0, 10), 
(11868, 7301, 0, 0, 0, 20), 
(11868, 7302, 0, 0, 0, 30), 
(11868, 7320, 0, 0, 0, 40), 
(11868, 7322, 0, 0, 0, 20), 
(11868, 8400, 0, 0, 0, 24), 
(11868, 8401, 0, 0, 0, 30), 
(11868, 8402, 0, 0, 0, 36), 
(11868, 8406, 0, 0, 0, 26), 
(11868, 8407, 0, 0, 0, 32), 
(11868, 8408, 0, 0, 0, 38), 
(11868, 8412, 0, 0, 0, 30), 
(11868, 8413, 0, 0, 0, 38), 
(11868, 8416, 0, 0, 0, 32), 
(11868, 8417, 0, 0, 0, 40), 
(11868, 8422, 0, 0, 0, 32), 
(11868, 8423, 0, 0, 0, 40), 
(11868, 8427, 0, 0, 0, 36), 
(11868, 8437, 0, 0, 0, 22), 
(11868, 8438, 0, 0, 0, 30), 
(11868, 8439, 0, 0, 0, 38), 
(11868, 8444, 0, 0, 0, 28), 
(11868, 8445, 0, 0, 0, 34), 
(11868, 8446, 0, 0, 0, 40), 
(11868, 8450, 0, 0, 0, 24), 
(11868, 8451, 0, 0, 0, 36), 
(11868, 8455, 0, 0, 0, 30), 
(11868, 8457, 0, 0, 0, 30), 
(11868, 8458, 0, 0, 0, 40), 
(11868, 8461, 0, 0, 0, 32), 
(11868, 8462, 0, 0, 0, 42), 
(11868, 8492, 0, 0, 0, 34), 
(11868, 8494, 0, 0, 0, 28), 
(11868, 8495, 0, 0, 0, 36), 
(11868, 10053, 0, 0, 0, 48), 
(11868, 10054, 0, 0, 0, 58), 
(11868, 10059, 0, 0, 0, 40), 
(11868, 10138, 0, 0, 0, 40), 
(11868, 10139, 0, 0, 0, 50), 
(11868, 10144, 0, 0, 0, 42), 
(11868, 10145, 0, 0, 0, 52), 
(11868, 10148, 0, 0, 0, 42), 
(11868, 10149, 0, 0, 0, 48), 
(11868, 10150, 0, 0, 0, 54), 
(11868, 10151, 0, 0, 0, 60), 
(11868, 10156, 0, 0, 0, 42), 
(11868, 10157, 0, 0, 0, 56), 
(11868, 10159, 0, 0, 0, 42), 
(11868, 10160, 0, 0, 0, 50), 
(11868, 10161, 0, 0, 0, 58), 
(11868, 10169, 0, 0, 0, 42), 
(11868, 10170, 0, 0, 0, 54), 
(11868, 10173, 0, 0, 0, 48), 
(11868, 10174, 0, 0, 0, 60), 
(11868, 10177, 0, 0, 0, 52), 
(11868, 10179, 0, 0, 0, 44), 
(11868, 10180, 0, 0, 0, 50), 
(11868, 10181, 0, 0, 0, 56), 
(11868, 10185, 0, 0, 0, 44), 
(11868, 10186, 0, 0, 0, 52), 
(11868, 10187, 0, 0, 0, 60), 
(11868, 10191, 0, 0, 0, 44), 
(11868, 10192, 0, 0, 0, 52), 
(11868, 10193, 0, 0, 0, 60), 
(11868, 10197, 0, 0, 0, 46), 
(11868, 10199, 0, 0, 0, 54), 
(11868, 10201, 0, 0, 0, 46), 
(11868, 10202, 0, 0, 0, 54), 
(11868, 10205, 0, 0, 0, 46), 
(11868, 10206, 0, 0, 0, 52), 
(11868, 10207, 0, 0, 0, 58), 
(11868, 10211, 0, 0, 0, 48), 
(11868, 10212, 0, 0, 0, 56), 
(11868, 10215, 0, 0, 0, 48), 
(11868, 10216, 0, 0, 0, 56), 
(11868, 10219, 0, 0, 0, 50), 
(11868, 10220, 0, 0, 0, 60), 
(11868, 10223, 0, 0, 0, 50), 
(11868, 10225, 0, 0, 0, 60), 
(11868, 10230, 0, 0, 0, 54), 
(11868, 11416, 0, 0, 0, 40), 
(11868, 12051, 0, 0, 0, 20), 
(11868, 12505, 0, 0, 0, 24), 
(11868, 12522, 0, 0, 0, 30), 
(11868, 12523, 0, 0, 0, 36), 
(11868, 12524, 0, 0, 0, 42), 
(11868, 12525, 0, 0, 0, 48), 
(11868, 12526, 0, 0, 0, 54), 
(11868, 12824, 0, 0, 0, 20), 
(11868, 12825, 0, 0, 0, 40), 
(11868, 12826, 0, 0, 0, 60), 
(11868, 13018, 0, 0, 0, 36), 
(11868, 13019, 0, 0, 0, 44), 
(11868, 13020, 0, 0, 0, 52), 
(11868, 13021, 0, 0, 0, 60), 
(11868, 13031, 0, 0, 0, 46), 
(11868, 13032, 0, 0, 0, 52), 
(11868, 13033, 0, 0, 0, 58), 
(11868, 18809, 0, 0, 0, 60), 
(11868, 22782, 0, 0, 0, 46), 
(11868, 22783, 0, 0, 0, 58), 
(11868, 23028, 0, 0, 0, 56), 
(11868, 25304, 0, 0, 0, 60), 
(11868, 25306, 0, 0, 0, 62), 
(11868, 25345, 0, 0, 0, 60), 
(11868, 27070, 0, 0, 0, 66), 
(11868, 27071, 0, 0, 0, 63), 
(11868, 27072, 0, 0, 0, 69), 
(11868, 27073, 0, 0, 0, 65), 
(11868, 27074, 0, 0, 0, 70), 
(11868, 27075, 0, 0, 0, 63), 
(11868, 27078, 0, 0, 0, 61), 
(11868, 27079, 0, 0, 0, 70), 
(11868, 27080, 0, 0, 0, 62), 
(11868, 27082, 0, 0, 0, 70), 
(11868, 27085, 0, 0, 0, 68), 
(11868, 27086, 0, 0, 0, 64), 
(11868, 27087, 0, 0, 0, 65), 
(11868, 27088, 0, 0, 0, 67), 
(11868, 27090, 0, 0, 0, 70), 
(11868, 27101, 0, 0, 0, 68), 
(11868, 27124, 0, 0, 0, 69), 
(11868, 27125, 0, 0, 0, 69), 
(11868, 27126, 0, 0, 0, 70), 
(11868, 27127, 0, 0, 0, 70), 
(11868, 27128, 0, 0, 0, 69), 
(11868, 27130, 0, 0, 0, 63), 
(11868, 27131, 0, 0, 0, 68), 
(11868, 27132, 0, 0, 0, 66), 
(11868, 27133, 0, 0, 0, 65), 
(11868, 27134, 0, 0, 0, 64), 
(11868, 28609, 0, 0, 0, 60), 
(11868, 28612, 0, 0, 0, 60), 
(11868, 30449, 0, 0, 0, 70), 
(11868, 30451, 0, 0, 0, 64), 
(11868, 30455, 0, 0, 0, 66), 
(11868, 30482, 0, 0, 0, 62), 
(11868, 32796, 0, 0, 0, 70), 
(11868, 33041, 0, 0, 0, 56), 
(11868, 33042, 0, 0, 0, 64), 
(11868, 33043, 0, 0, 0, 70), 
(11868, 33405, 0, 0, 0, 70), 
(11868, 33717, 0, 0, 0, 70), 
(11868, 33933, 0, 0, 0, 70), 
(11868, 33938, 0, 0, 0, 70), 
(11868, 33944, 0, 0, 0, 67), 
(11868, 33946, 0, 0, 0, 69), 
(11868, 37420, 0, 0, 0, 65), 
(11868, 38692, 0, 0, 0, 70), 
(11868, 38697, 0, 0, 0, 70), 
(11868, 38699, 0, 0, 0, 69), 
(11868, 38704, 0, 0, 0, 70), 
(11868, 42832, 0, 0, 0, 74), 
(11868, 42833, 0, 0, 0, 78), 
(11868, 42841, 0, 0, 0, 75), 
(11868, 42842, 0, 0, 0, 79), 
(11868, 42843, 0, 0, 0, 75), 
(11868, 42846, 0, 0, 0, 79), 
(11868, 42858, 0, 0, 0, 73), 
(11868, 42859, 0, 0, 0, 78), 
(11868, 42872, 0, 0, 0, 74), 
(11868, 42873, 0, 0, 0, 80), 
(11868, 42890, 0, 0, 0, 73), 
(11868, 42891, 0, 0, 0, 77), 
(11868, 42894, 0, 0, 0, 71), 
(11868, 42896, 0, 0, 0, 76), 
(11868, 42897, 0, 0, 0, 80), 
(11868, 42913, 0, 0, 0, 72), 
(11868, 42914, 0, 0, 0, 78), 
(11868, 42917, 0, 0, 0, 75), 
(11868, 42920, 0, 0, 0, 76), 
(11868, 42921, 0, 0, 0, 80), 
(11868, 42925, 0, 0, 0, 72), 
(11868, 42926, 0, 0, 0, 79), 
(11868, 42930, 0, 0, 0, 72), 
(11868, 42931, 0, 0, 0, 79), 
(11868, 42939, 0, 0, 0, 74), 
(11868, 42940, 0, 0, 0, 80), 
(11868, 42944, 0, 0, 0, 75), 
(11868, 42945, 0, 0, 0, 80), 
(11868, 42949, 0, 0, 0, 75), 
(11868, 42950, 0, 0, 0, 80), 
(11868, 42955, 0, 0, 0, 75), 
(11868, 42956, 0, 0, 0, 80), 
(11868, 42985, 0, 0, 0, 77), 
(11868, 42995, 0, 0, 0, 80), 
(11868, 43002, 0, 0, 0, 80), 
(11868, 43008, 0, 0, 0, 79), 
(11868, 43010, 0, 0, 0, 78), 
(11868, 43012, 0, 0, 0, 79), 
(11868, 43015, 0, 0, 0, 76), 
(11868, 43017, 0, 0, 0, 77), 
(11868, 43019, 0, 0, 0, 73), 
(11868, 43020, 0, 0, 0, 79), 
(11868, 43023, 0, 0, 0, 71), 
(11868, 43024, 0, 0, 0, 79), 
(11868, 43038, 0, 0, 0, 75), 
(11868, 43039, 0, 0, 0, 80), 
(11868, 43045, 0, 0, 0, 71), 
(11868, 43046, 0, 0, 0, 79), 
(11868, 43987, 0, 0, 0, 70), 
(11868, 44614, 0, 0, 0, 75), 
(11868, 44780, 0, 0, 0, 70), 
(11868, 44781, 0, 0, 0, 80), 
(11868, 45438, 0, 0, 0, 30), 
(11868, 47610, 0, 0, 0, 80), 
(11868, 55342, 0, 0, 0, 80), 
(11868, 55359, 0, 0, 0, 70), 
(11868, 55360, 0, 0, 0, 80), 
(11868, 58659, 0, 0, 0, 80), 
(11868, 10140, 0, 0, 0, 60), 
(11868, 61024, 0, 0, 0, 80), 
(11868, 28272, 0, 0, 0, 60), 
(11868, 53140, 0, 0, 0, 71), 
(11868, 17, 0, 0, 0, 6), 
(11868, 139, 0, 0, 0, 8), 
(11868, 453, 0, 0, 0, 20), 
(11868, 527, 0, 0, 0, 18), 
(11868, 528, 0, 0, 0, 14), 
(11868, 552, 0, 0, 0, 32), 
(11868, 586, 0, 0, 0, 8), 
(11868, 588, 0, 0, 0, 12), 
(11868, 589, 0, 0, 0, 4), 
(11868, 591, 0, 0, 0, 6), 
(11868, 592, 0, 0, 0, 12), 
(11868, 594, 0, 0, 0, 10), 
(11868, 596, 0, 0, 0, 30), 
(11868, 598, 0, 0, 0, 14), 
(11868, 600, 0, 0, 0, 18), 
(11868, 602, 0, 0, 0, 30), 
(11868, 605, 0, 0, 0, 30), 
(11868, 970, 0, 0, 0, 18), 
(11868, 976, 0, 0, 0, 30), 
(11868, 984, 0, 0, 0, 22), 
(11868, 988, 0, 0, 0, 36), 
(11868, 992, 0, 0, 0, 26), 
(11868, 996, 0, 0, 0, 40), 
(11868, 1004, 0, 0, 0, 30), 
(11868, 1006, 0, 0, 0, 40), 
(11868, 1243, 0, 0, 0, 0), 
(11868, 1244, 0, 0, 0, 12), 
(11868, 1245, 0, 0, 0, 24), 
(11868, 1706, 0, 0, 0, 34), 
(11868, 2006, 0, 0, 0, 10), 
(11868, 2010, 0, 0, 0, 22), 
(11868, 2052, 0, 0, 0, 4), 
(11868, 2053, 0, 0, 0, 10), 
(11868, 2054, 0, 0, 0, 16), 
(11868, 2055, 0, 0, 0, 22), 
(11868, 2060, 0, 0, 0, 40), 
(11868, 2061, 0, 0, 0, 20), 
(11868, 2096, 0, 0, 0, 22), 
(11868, 2767, 0, 0, 0, 34), 
(11868, 2791, 0, 0, 0, 36), 
(11868, 3747, 0, 0, 0, 24), 
(11868, 6060, 0, 0, 0, 38), 
(11868, 6063, 0, 0, 0, 28), 
(11868, 6064, 0, 0, 0, 34), 
(11868, 6065, 0, 0, 0, 30), 
(11868, 6066, 0, 0, 0, 36), 
(11868, 6074, 0, 0, 0, 14), 
(11868, 6075, 0, 0, 0, 20), 
(11868, 6076, 0, 0, 0, 26), 
(11868, 6077, 0, 0, 0, 32), 
(11868, 6078, 0, 0, 0, 38), 
(11868, 7128, 0, 0, 0, 20), 
(11868, 8092, 0, 0, 0, 10), 
(11868, 8102, 0, 0, 0, 16), 
(11868, 8103, 0, 0, 0, 22), 
(11868, 8104, 0, 0, 0, 28), 
(11868, 8105, 0, 0, 0, 34), 
(11868, 8106, 0, 0, 0, 40), 
(11868, 8122, 0, 0, 0, 14), 
(11868, 8124, 0, 0, 0, 28), 
(11868, 8129, 0, 0, 0, 24), 
(11868, 9472, 0, 0, 0, 26), 
(11868, 9473, 0, 0, 0, 32), 
(11868, 9474, 0, 0, 0, 38), 
(11868, 9484, 0, 0, 0, 20), 
(11868, 9485, 0, 0, 0, 40), 
(11868, 10880, 0, 0, 0, 34), 
(11868, 10881, 0, 0, 0, 46), 
(11868, 10888, 0, 0, 0, 42), 
(11868, 10890, 0, 0, 0, 56), 
(11868, 10892, 0, 0, 0, 42), 
(11868, 10893, 0, 0, 0, 50), 
(11868, 10894, 0, 0, 0, 58), 
(11868, 10898, 0, 0, 0, 42), 
(11868, 10899, 0, 0, 0, 48), 
(11868, 10900, 0, 0, 0, 54), 
(11868, 10901, 0, 0, 0, 60), 
(11868, 10909, 0, 0, 0, 44), 
(11868, 10915, 0, 0, 0, 44), 
(11868, 10916, 0, 0, 0, 50), 
(11868, 10917, 0, 0, 0, 56), 
(11868, 10927, 0, 0, 0, 44), 
(11868, 10928, 0, 0, 0, 50), 
(11868, 10929, 0, 0, 0, 56), 
(11868, 10933, 0, 0, 0, 46), 
(11868, 10934, 0, 0, 0, 54), 
(11868, 10937, 0, 0, 0, 48), 
(11868, 10938, 0, 0, 0, 60), 
(11868, 10945, 0, 0, 0, 46), 
(11868, 10946, 0, 0, 0, 52), 
(11868, 10947, 0, 0, 0, 58), 
(11868, 10951, 0, 0, 0, 50), 
(11868, 10952, 0, 0, 0, 60), 
(11868, 10955, 0, 0, 0, 60), 
(11868, 10957, 0, 0, 0, 42), 
(11868, 10958, 0, 0, 0, 56), 
(11868, 10960, 0, 0, 0, 50), 
(11868, 10961, 0, 0, 0, 60), 
(11868, 10963, 0, 0, 0, 46), 
(11868, 10964, 0, 0, 0, 52), 
(11868, 10965, 0, 0, 0, 58), 
(11868, 14752, 0, 0, 0, 30), 
(11868, 14818, 0, 0, 0, 40), 
(11868, 14819, 0, 0, 0, 50), 
(11868, 14914, 0, 0, 0, 20), 
(11868, 15237, 0, 0, 0, 20), 
(11868, 15261, 0, 0, 0, 60), 
(11868, 15262, 0, 0, 0, 24), 
(11868, 15263, 0, 0, 0, 30), 
(11868, 15264, 0, 0, 0, 36), 
(11868, 15265, 0, 0, 0, 42), 
(11868, 15266, 0, 0, 0, 48), 
(11868, 15267, 0, 0, 0, 54), 
(11868, 15430, 0, 0, 0, 28), 
(11868, 15431, 0, 0, 0, 36), 
(11868, 17311, 0, 0, 0, 28), 
(11868, 17312, 0, 0, 0, 36), 
(11868, 17313, 0, 0, 0, 44), 
(11868, 17314, 0, 0, 0, 52), 
(11868, 18807, 0, 0, 0, 60), 
(11868, 19238, 0, 0, 0, 26), 
(11868, 19240, 0, 0, 0, 34), 
(11868, 19241, 0, 0, 0, 42), 
(11868, 19242, 0, 0, 0, 50), 
(11868, 19243, 0, 0, 0, 58), 
(11868, 19276, 0, 0, 0, 28), 
(11868, 19277, 0, 0, 0, 36), 
(11868, 19278, 0, 0, 0, 44), 
(11868, 19279, 0, 0, 0, 52), 
(11868, 19280, 0, 0, 0, 60), 
(11868, 20770, 0, 0, 0, 58), 
(11868, 21562, 0, 0, 0, 48), 
(11868, 21564, 0, 0, 0, 60), 
(11868, 25210, 0, 0, 0, 63), 
(11868, 25213, 0, 0, 0, 68), 
(11868, 25217, 0, 0, 0, 65), 
(11868, 25218, 0, 0, 0, 70), 
(11868, 25221, 0, 0, 0, 65), 
(11868, 25222, 0, 0, 0, 70), 
(11868, 25233, 0, 0, 0, 61), 
(11868, 25235, 0, 0, 0, 67), 
(11868, 25308, 0, 0, 0, 68), 
(11868, 25312, 0, 0, 0, 70), 
(11868, 25314, 0, 0, 0, 60), 
(11868, 25315, 0, 0, 0, 60), 
(11868, 25316, 0, 0, 0, 60), 
(11868, 25331, 0, 0, 0, 68), 
(11868, 25363, 0, 0, 0, 61), 
(11868, 25364, 0, 0, 0, 69), 
(11868, 25367, 0, 0, 0, 65), 
(11868, 25368, 0, 0, 0, 70), 
(11868, 25372, 0, 0, 0, 63), 
(11868, 25375, 0, 0, 0, 69), 
(11868, 25384, 0, 0, 0, 66), 
(11868, 25387, 0, 0, 0, 68), 
(11868, 25389, 0, 0, 0, 70), 
(11868, 25392, 0, 0, 0, 70), 
(11868, 25431, 0, 0, 0, 69), 
(11868, 25433, 0, 0, 0, 68), 
(11868, 25435, 0, 0, 0, 68), 
(11868, 25437, 0, 0, 0, 66), 
(11868, 25467, 0, 0, 0, 68), 
(11868, 27681, 0, 0, 0, 60), 
(11868, 27683, 0, 0, 0, 56), 
(11868, 27799, 0, 0, 0, 44), 
(11868, 27800, 0, 0, 0, 52), 
(11868, 27801, 0, 0, 0, 60), 
(11868, 27841, 0, 0, 0, 60), 
(11868, 27870, 0, 0, 0, 50), 
(11868, 27871, 0, 0, 0, 60), 
(11868, 28275, 0, 0, 0, 70), 
(11868, 32375, 0, 0, 0, 70), 
(11868, 32379, 0, 0, 0, 62), 
(11868, 32546, 0, 0, 0, 64), 
(11868, 32996, 0, 0, 0, 70), 
(11868, 32999, 0, 0, 0, 70), 
(11868, 33076, 0, 0, 0, 68), 
(11868, 34433, 0, 0, 0, 66), 
(11868, 34863, 0, 0, 0, 56), 
(11868, 34864, 0, 0, 0, 60), 
(11868, 34865, 0, 0, 0, 65), 
(11868, 34866, 0, 0, 0, 70), 
(11868, 34916, 0, 0, 0, 60), 
(11868, 34917, 0, 0, 0, 70), 
(11868, 39374, 0, 0, 0, 70), 
(11868, 48040, 0, 0, 0, 71), 
(11868, 48045, 0, 0, 0, 75), 
(11868, 48062, 0, 0, 0, 73), 
(11868, 48063, 0, 0, 0, 78), 
(11868, 48065, 0, 0, 0, 75), 
(11868, 48066, 0, 0, 0, 80), 
(11868, 48067, 0, 0, 0, 75), 
(11868, 48068, 0, 0, 0, 80), 
(11868, 48070, 0, 0, 0, 73), 
(11868, 48071, 0, 0, 0, 79), 
(11868, 48072, 0, 0, 0, 76), 
(11868, 48073, 0, 0, 0, 80), 
(11868, 48074, 0, 0, 0, 80), 
(11868, 48077, 0, 0, 0, 75), 
(11868, 48078, 0, 0, 0, 80), 
(11868, 48086, 0, 0, 0, 75), 
(11868, 48087, 0, 0, 0, 80), 
(11868, 48088, 0, 0, 0, 75), 
(11868, 48089, 0, 0, 0, 80), 
(11868, 48112, 0, 0, 0, 74), 
(11868, 48113, 0, 0, 0, 79), 
(11868, 48119, 0, 0, 0, 72), 
(11868, 48120, 0, 0, 0, 78), 
(11868, 48122, 0, 0, 0, 74), 
(11868, 48123, 0, 0, 0, 79), 
(11868, 48124, 0, 0, 0, 75), 
(11868, 48125, 0, 0, 0, 80), 
(11868, 48126, 0, 0, 0, 74), 
(11868, 48127, 0, 0, 0, 79), 
(11868, 48134, 0, 0, 0, 72), 
(11868, 48135, 0, 0, 0, 78), 
(11868, 48155, 0, 0, 0, 74), 
(11868, 48156, 0, 0, 0, 80), 
(11868, 48157, 0, 0, 0, 75), 
(11868, 48158, 0, 0, 0, 80), 
(11868, 48159, 0, 0, 0, 75), 
(11868, 48160, 0, 0, 0, 80), 
(11868, 48161, 0, 0, 0, 80), 
(11868, 48162, 0, 0, 0, 80), 
(11868, 48168, 0, 0, 0, 77), 
(11868, 48169, 0, 0, 0, 76), 
(11868, 48170, 0, 0, 0, 77), 
(11868, 48171, 0, 0, 0, 78), 
(11868, 48172, 0, 0, 0, 73), 
(11868, 48173, 0, 0, 0, 80), 
(11868, 48299, 0, 0, 0, 73), 
(11868, 48300, 0, 0, 0, 79), 
(11868, 53005, 0, 0, 0, 70), 
(11868, 53006, 0, 0, 0, 75), 
(11868, 53007, 0, 0, 0, 80), 
(11868, 53023, 0, 0, 0, 80), 
(11868, 64843, 0, 0, 0, 80), 
(11868, 64901, 0, 0, 0, 60), 
(11868, 6346, 0, 0, 0, 20), 
(11868, 2944, 0, 0, 0, 20), 
(11868, 131, 0, 0, 0, 22), 
(11868, 324, 0, 0, 0, 8), 
(11868, 325, 0, 0, 0, 16), 
(11868, 332, 0, 0, 0, 6), 
(11868, 370, 0, 0, 0, 12), 
(11868, 421, 0, 0, 0, 32), 
(11868, 526, 0, 0, 0, 16), 
(11868, 529, 0, 0, 0, 8), 
(11868, 546, 0, 0, 0, 28), 
(11868, 547, 0, 0, 0, 12), 
(11868, 548, 0, 0, 0, 14), 
(11868, 556, 0, 0, 0, 30), 
(11868, 905, 0, 0, 0, 24), 
(11868, 913, 0, 0, 0, 18), 
(11868, 915, 0, 0, 0, 20), 
(11868, 930, 0, 0, 0, 40), 
(11868, 939, 0, 0, 0, 24), 
(11868, 943, 0, 0, 0, 26), 
(11868, 945, 0, 0, 0, 32), 
(11868, 959, 0, 0, 0, 32), 
(11868, 1064, 0, 0, 0, 40), 
(11868, 1535, 0, 0, 0, 12), 
(11868, 2008, 0, 0, 0, 12), 
(11868, 2062, 0, 0, 0, 66), 
(11868, 2484, 0, 0, 0, 6), 
(11868, 2645, 0, 0, 0, 16), 
(11868, 2825, 0, 0, 0, 70), 
(11868, 2860, 0, 0, 0, 48), 
(11868, 2894, 0, 0, 0, 68), 
(11868, 3738, 0, 0, 0, 64), 
(11868, 5675, 0, 0, 0, 26), 
(11868, 5730, 0, 0, 0, 8), 
(11868, 6041, 0, 0, 0, 32), 
(11868, 6196, 0, 0, 0, 26), 
(11868, 6363, 0, 0, 0, 20), 
(11868, 6364, 0, 0, 0, 30), 
(11868, 6365, 0, 0, 0, 40), 
(11868, 6375, 0, 0, 0, 30), 
(11868, 6377, 0, 0, 0, 40), 
(11868, 6390, 0, 0, 0, 18), 
(11868, 6391, 0, 0, 0, 28), 
(11868, 6392, 0, 0, 0, 38), 
(11868, 6495, 0, 0, 0, 34), 
(11868, 8004, 0, 0, 0, 20), 
(11868, 8005, 0, 0, 0, 40), 
(11868, 8008, 0, 0, 0, 28), 
(11868, 8010, 0, 0, 0, 36), 
(11868, 8012, 0, 0, 0, 32), 
(11868, 8017, 0, 0, 0, 0), 
(11868, 8018, 0, 0, 0, 8), 
(11868, 8019, 0, 0, 0, 16), 
(11868, 8024, 0, 0, 0, 10), 
(11868, 8027, 0, 0, 0, 18), 
(11868, 8030, 0, 0, 0, 26), 
(11868, 8033, 0, 0, 0, 20), 
(11868, 8038, 0, 0, 0, 28), 
(11868, 8042, 0, 0, 0, 4), 
(11868, 8044, 0, 0, 0, 8), 
(11868, 8045, 0, 0, 0, 14), 
(11868, 8046, 0, 0, 0, 24), 
(11868, 8050, 0, 0, 0, 10), 
(11868, 8052, 0, 0, 0, 18), 
(11868, 8053, 0, 0, 0, 28), 
(11868, 8056, 0, 0, 0, 20), 
(11868, 8058, 0, 0, 0, 34), 
(11868, 8075, 0, 0, 0, 10), 
(11868, 8134, 0, 0, 0, 40), 
(11868, 8143, 0, 0, 0, 18), 
(11868, 8154, 0, 0, 0, 14), 
(11868, 8155, 0, 0, 0, 24), 
(11868, 8160, 0, 0, 0, 24), 
(11868, 8161, 0, 0, 0, 38), 
(11868, 8170, 0, 0, 0, 38), 
(11868, 8177, 0, 0, 0, 30), 
(11868, 8181, 0, 0, 0, 24), 
(11868, 8184, 0, 0, 0, 28), 
(11868, 8190, 0, 0, 0, 26), 
(11868, 8227, 0, 0, 0, 28), 
(11868, 8232, 0, 0, 0, 30), 
(11868, 8235, 0, 0, 0, 40), 
(11868, 8249, 0, 0, 0, 38), 
(11868, 8498, 0, 0, 0, 22), 
(11868, 8499, 0, 0, 0, 32), 
(11868, 8512, 0, 0, 0, 32), 
(11868, 8737, 0, 0, 0, 40), 
(11868, 10391, 0, 0, 0, 38), 
(11868, 10392, 0, 0, 0, 44), 
(11868, 10395, 0, 0, 0, 48), 
(11868, 10396, 0, 0, 0, 56), 
(11868, 10399, 0, 0, 0, 24), 
(11868, 10406, 0, 0, 0, 34), 
(11868, 10407, 0, 0, 0, 44), 
(11868, 10408, 0, 0, 0, 54), 
(11868, 10412, 0, 0, 0, 36), 
(11868, 10413, 0, 0, 0, 48), 
(11868, 10414, 0, 0, 0, 60), 
(11868, 10427, 0, 0, 0, 48), 
(11868, 10428, 0, 0, 0, 58), 
(11868, 10431, 0, 0, 0, 48), 
(11868, 10432, 0, 0, 0, 56), 
(11868, 10437, 0, 0, 0, 50), 
(11868, 10438, 0, 0, 0, 60), 
(11868, 10442, 0, 0, 0, 52), 
(11868, 10447, 0, 0, 0, 40), 
(11868, 10448, 0, 0, 0, 52), 
(11868, 10456, 0, 0, 0, 38), 
(11868, 10462, 0, 0, 0, 50), 
(11868, 10463, 0, 0, 0, 60), 
(11868, 10466, 0, 0, 0, 44), 
(11868, 10467, 0, 0, 0, 52), 
(11868, 10468, 0, 0, 0, 60), 
(11868, 10472, 0, 0, 0, 46), 
(11868, 10473, 0, 0, 0, 58), 
(11868, 10478, 0, 0, 0, 38), 
(11868, 10479, 0, 0, 0, 54), 
(11868, 10486, 0, 0, 0, 50), 
(11868, 10495, 0, 0, 0, 36), 
(11868, 10496, 0, 0, 0, 46), 
(11868, 10497, 0, 0, 0, 56), 
(11868, 10526, 0, 0, 0, 48), 
(11868, 10537, 0, 0, 0, 42), 
(11868, 10538, 0, 0, 0, 58), 
(11868, 10585, 0, 0, 0, 36), 
(11868, 10586, 0, 0, 0, 46), 
(11868, 10587, 0, 0, 0, 56), 
(11868, 10595, 0, 0, 0, 30), 
(11868, 10600, 0, 0, 0, 44), 
(11868, 10601, 0, 0, 0, 60), 
(11868, 10605, 0, 0, 0, 56), 
(11868, 10622, 0, 0, 0, 46), 
(11868, 10623, 0, 0, 0, 54), 
(11868, 11314, 0, 0, 0, 42), 
(11868, 11315, 0, 0, 0, 52), 
(11868, 15207, 0, 0, 0, 50), 
(11868, 15208, 0, 0, 0, 56), 
(11868, 16339, 0, 0, 0, 36), 
(11868, 16341, 0, 0, 0, 46), 
(11868, 16342, 0, 0, 0, 56), 
(11868, 16355, 0, 0, 0, 48), 
(11868, 16356, 0, 0, 0, 58), 
(11868, 16362, 0, 0, 0, 60), 
(11868, 16387, 0, 0, 0, 58), 
(11868, 20608, 0, 0, 0, 30), 
(11868, 20609, 0, 0, 0, 24), 
(11868, 20610, 0, 0, 0, 36), 
(11868, 20776, 0, 0, 0, 48), 
(11868, 20777, 0, 0, 0, 60), 
(11868, 24398, 0, 0, 0, 62), 
(11868, 25357, 0, 0, 0, 60), 
(11868, 25361, 0, 0, 0, 60), 
(11868, 25391, 0, 0, 0, 63), 
(11868, 25396, 0, 0, 0, 70), 
(11868, 25420, 0, 0, 0, 66), 
(11868, 25422, 0, 0, 0, 61), 
(11868, 25423, 0, 0, 0, 68), 
(11868, 25439, 0, 0, 0, 63), 
(11868, 25442, 0, 0, 0, 70), 
(11868, 25448, 0, 0, 0, 62), 
(11868, 25449, 0, 0, 0, 67), 
(11868, 25454, 0, 0, 0, 69), 
(11868, 25457, 0, 0, 0, 70), 
(11868, 25464, 0, 0, 0, 68), 
(11868, 25469, 0, 0, 0, 63), 
(11868, 25472, 0, 0, 0, 70), 
(11868, 25489, 0, 0, 0, 64), 
(11868, 25500, 0, 0, 0, 66), 
(11868, 25505, 0, 0, 0, 68), 
(11868, 25508, 0, 0, 0, 63), 
(11868, 25509, 0, 0, 0, 70), 
(11868, 25525, 0, 0, 0, 67), 
(11868, 25528, 0, 0, 0, 65), 
(11868, 25533, 0, 0, 0, 69), 
(11868, 25546, 0, 0, 0, 61), 
(11868, 25547, 0, 0, 0, 70), 
(11868, 25552, 0, 0, 0, 65), 
(11868, 25557, 0, 0, 0, 67), 
(11868, 25560, 0, 0, 0, 67), 
(11868, 25563, 0, 0, 0, 68), 
(11868, 25567, 0, 0, 0, 69), 
(11868, 25570, 0, 0, 0, 65), 
(11868, 25574, 0, 0, 0, 69), 
(11868, 25590, 0, 0, 0, 69), 
(11868, 29228, 0, 0, 0, 60), 
(11868, 32593, 0, 0, 0, 60), 
(11868, 32594, 0, 0, 0, 70), 
(11868, 33736, 0, 0, 0, 69), 
(11868, 36936, 0, 0, 0, 30), 
(11868, 49230, 0, 0, 0, 74), 
(11868, 49231, 0, 0, 0, 79), 
(11868, 49232, 0, 0, 0, 75), 
(11868, 49233, 0, 0, 0, 80), 
(11868, 49235, 0, 0, 0, 73), 
(11868, 49236, 0, 0, 0, 78), 
(11868, 49237, 0, 0, 0, 73), 
(11868, 49238, 0, 0, 0, 79), 
(11868, 49270, 0, 0, 0, 74), 
(11868, 49271, 0, 0, 0, 80), 
(11868, 49272, 0, 0, 0, 75), 
(11868, 49273, 0, 0, 0, 80), 
(11868, 49275, 0, 0, 0, 72), 
(11868, 49276, 0, 0, 0, 77), 
(11868, 49277, 0, 0, 0, 80), 
(11868, 49280, 0, 0, 0, 75), 
(11868, 49281, 0, 0, 0, 80), 
(11868, 49283, 0, 0, 0, 75), 
(11868, 49284, 0, 0, 0, 80), 
(11868, 51505, 0, 0, 0, 75), 
(11868, 51514, 0, 0, 0, 80), 
(11868, 51730, 0, 0, 0, 30), 
(11868, 51988, 0, 0, 0, 40), 
(11868, 51991, 0, 0, 0, 50), 
(11868, 51992, 0, 0, 0, 60), 
(11868, 51993, 0, 0, 0, 70), 
(11868, 51994, 0, 0, 0, 80), 
(11868, 52127, 0, 0, 0, 20), 
(11868, 52129, 0, 0, 0, 28), 
(11868, 52131, 0, 0, 0, 34), 
(11868, 52134, 0, 0, 0, 41), 
(11868, 52136, 0, 0, 0, 48), 
(11868, 52138, 0, 0, 0, 55), 
(11868, 55458, 0, 0, 0, 74), 
(11868, 55459, 0, 0, 0, 80), 
(11868, 57622, 0, 0, 0, 75), 
(11868, 57720, 0, 0, 0, 60), 
(11868, 57721, 0, 0, 0, 70), 
(11868, 57722, 0, 0, 0, 80), 
(11868, 57960, 0, 0, 0, 76), 
(11868, 57994, 0, 0, 0, 16), 
(11868, 58580, 0, 0, 0, 71), 
(11868, 58581, 0, 0, 0, 75), 
(11868, 58582, 0, 0, 0, 78), 
(11868, 58643, 0, 0, 0, 80), 
(11868, 58649, 0, 0, 0, 71), 
(11868, 58652, 0, 0, 0, 75), 
(11868, 58656, 0, 0, 0, 80), 
(11868, 58699, 0, 0, 0, 71), 
(11868, 58703, 0, 0, 0, 75), 
(11868, 58704, 0, 0, 0, 80), 
(11868, 58731, 0, 0, 0, 73), 
(11868, 58734, 0, 0, 0, 78), 
(11868, 58737, 0, 0, 0, 75), 
(11868, 58739, 0, 0, 0, 80), 
(11868, 58741, 0, 0, 0, 75), 
(11868, 58745, 0, 0, 0, 80), 
(11868, 58746, 0, 0, 0, 75), 
(11868, 58749, 0, 0, 0, 80), 
(11868, 58751, 0, 0, 0, 73), 
(11868, 58753, 0, 0, 0, 78), 
(11868, 58755, 0, 0, 0, 71), 
(11868, 58756, 0, 0, 0, 76), 
(11868, 58757, 0, 0, 0, 80), 
(11868, 58771, 0, 0, 0, 71), 
(11868, 58773, 0, 0, 0, 76), 
(11868, 58774, 0, 0, 0, 80), 
(11868, 58785, 0, 0, 0, 71), 
(11868, 58789, 0, 0, 0, 76), 
(11868, 58790, 0, 0, 0, 80), 
(11868, 58794, 0, 0, 0, 71), 
(11868, 58795, 0, 0, 0, 76), 
(11868, 58796, 0, 0, 0, 80), 
(11868, 58801, 0, 0, 0, 71), 
(11868, 58803, 0, 0, 0, 76), 
(11868, 58804, 0, 0, 0, 80), 
(11868, 59156, 0, 0, 0, 70), 
(11868, 59158, 0, 0, 0, 75), 
(11868, 59159, 0, 0, 0, 80), 
(11868, 60043, 0, 0, 0, 80), 
(11868, 61299, 0, 0, 0, 70), 
(11868, 61300, 0, 0, 0, 75), 
(11868, 61301, 0, 0, 0, 80), 
(11868, 61649, 0, 0, 0, 75), 
(11868, 61657, 0, 0, 0, 80), 
(11868, 66842, 0, 0, 0, 30), 
(11868, 66843, 0, 0, 0, 40), 
(11868, 66844, 0, 0, 0, 50), 
(11868, 3599, 0, 0, 0, 10), 
(11868, 8071, 0, 0, 0, 4), 
(11868, 5394, 0, 0, 0, 20), 
(11868, 32182, 0, 0, 0, 70), 
(11868, 126, 0, 0, 0, 22), 
(11868, 132, 0, 0, 0, 26), 
(11868, 172, 0, 0, 0, 4), 
(11868, 348, 0, 0, 0, 0), 
(11868, 603, 0, 0, 0, 60), 
(11868, 689, 0, 0, 0, 14), 
(11868, 693, 0, 0, 0, 18), 
(11868, 695, 0, 0, 0, 6), 
(11868, 696, 0, 0, 0, 10), 
(11868, 698, 0, 0, 0, 20), 
(11868, 699, 0, 0, 0, 22), 
(11868, 702, 0, 0, 0, 4), 
(11868, 705, 0, 0, 0, 12), 
(11868, 706, 0, 0, 0, 20), 
(11868, 707, 0, 0, 0, 10), 
(11868, 709, 0, 0, 0, 30), 
(11868, 710, 0, 0, 0, 28), 
(11868, 755, 0, 0, 0, 12), 
(11868, 980, 0, 0, 0, 8), 
(11868, 1014, 0, 0, 0, 18), 
(11868, 1086, 0, 0, 0, 30), 
(11868, 1088, 0, 0, 0, 20), 
(11868, 1094, 0, 0, 0, 20), 
(11868, 1098, 0, 0, 0, 30), 
(11868, 1106, 0, 0, 0, 28), 
(11868, 1108, 0, 0, 0, 12), 
(11868, 1120, 0, 0, 0, 10), 
(11868, 1454, 0, 0, 0, 6), 
(11868, 1455, 0, 0, 0, 16), 
(11868, 1456, 0, 0, 0, 26), 
(11868, 1490, 0, 0, 0, 32), 
(11868, 1710, 0, 0, 0, 20), 
(11868, 1949, 0, 0, 0, 30), 
(11868, 2362, 0, 0, 0, 36), 
(11868, 2941, 0, 0, 0, 30), 
(11868, 3698, 0, 0, 0, 20), 
(11868, 3699, 0, 0, 0, 28), 
(11868, 3700, 0, 0, 0, 36), 
(11868, 5138, 0, 0, 0, 24), 
(11868, 5484, 0, 0, 0, 40), 
(11868, 5500, 0, 0, 0, 24), 
(11868, 5676, 0, 0, 0, 18), 
(11868, 5697, 0, 0, 0, 16), 
(11868, 5699, 0, 0, 0, 34), 
(11868, 5740, 0, 0, 0, 20), 
(11868, 5782, 0, 0, 0, 8), 
(11868, 6201, 0, 0, 0, 10), 
(11868, 6202, 0, 0, 0, 22), 
(11868, 6205, 0, 0, 0, 22), 
(11868, 6213, 0, 0, 0, 32), 
(11868, 6215, 0, 0, 0, 56), 
(11868, 6217, 0, 0, 0, 28), 
(11868, 6219, 0, 0, 0, 34), 
(11868, 6222, 0, 0, 0, 14), 
(11868, 6223, 0, 0, 0, 24), 
(11868, 6229, 0, 0, 0, 32), 
(11868, 6353, 0, 0, 0, 48), 
(11868, 6366, 0, 0, 0, 28), 
(11868, 6789, 0, 0, 0, 42), 
(11868, 7641, 0, 0, 0, 36), 
(11868, 7646, 0, 0, 0, 32), 
(11868, 7648, 0, 0, 0, 34), 
(11868, 7651, 0, 0, 0, 38), 
(11868, 8288, 0, 0, 0, 24), 
(11868, 8289, 0, 0, 0, 38), 
(11868, 11659, 0, 0, 0, 44), 
(11868, 11660, 0, 0, 0, 52), 
(11868, 11661, 0, 0, 0, 60), 
(11868, 11665, 0, 0, 0, 40), 
(11868, 11667, 0, 0, 0, 50), 
(11868, 11668, 0, 0, 0, 60), 
(11868, 11671, 0, 0, 0, 44), 
(11868, 11672, 0, 0, 0, 54), 
(11868, 11675, 0, 0, 0, 52), 
(11868, 11677, 0, 0, 0, 46), 
(11868, 11678, 0, 0, 0, 58), 
(11868, 11683, 0, 0, 0, 42), 
(11868, 11684, 0, 0, 0, 54), 
(11868, 11687, 0, 0, 0, 36), 
(11868, 11688, 0, 0, 0, 46), 
(11868, 11689, 0, 0, 0, 56), 
(11868, 11693, 0, 0, 0, 44), 
(11868, 11694, 0, 0, 0, 52), 
(11868, 11695, 0, 0, 0, 60), 
(11868, 11699, 0, 0, 0, 46), 
(11868, 11700, 0, 0, 0, 54), 
(11868, 11707, 0, 0, 0, 42), 
(11868, 11708, 0, 0, 0, 52), 
(11868, 11711, 0, 0, 0, 38), 
(11868, 11712, 0, 0, 0, 48), 
(11868, 11713, 0, 0, 0, 58), 
(11868, 11719, 0, 0, 0, 50), 
(11868, 11721, 0, 0, 0, 46), 
(11868, 11722, 0, 0, 0, 60), 
(11868, 11725, 0, 0, 0, 44), 
(11868, 11726, 0, 0, 0, 58), 
(11868, 11729, 0, 0, 0, 46), 
(11868, 11730, 0, 0, 0, 58), 
(11868, 11733, 0, 0, 0, 40), 
(11868, 11734, 0, 0, 0, 50), 
(11868, 11735, 0, 0, 0, 60), 
(11868, 11739, 0, 0, 0, 42), 
(11868, 11740, 0, 0, 0, 52), 
(11868, 17727, 0, 0, 0, 48), 
(11868, 17728, 0, 0, 0, 60), 
(11868, 17919, 0, 0, 0, 26), 
(11868, 17920, 0, 0, 0, 34), 
(11868, 17921, 0, 0, 0, 42), 
(11868, 17922, 0, 0, 0, 50), 
(11868, 17923, 0, 0, 0, 58), 
(11868, 17924, 0, 0, 0, 56), 
(11868, 17925, 0, 0, 0, 50), 
(11868, 17926, 0, 0, 0, 58), 
(11868, 17928, 0, 0, 0, 54), 
(11868, 17951, 0, 0, 0, 36), 
(11868, 17952, 0, 0, 0, 46), 
(11868, 17953, 0, 0, 0, 56), 
(11868, 18647, 0, 0, 0, 48), 
(11868, 18867, 0, 0, 0, 24), 
(11868, 18868, 0, 0, 0, 32), 
(11868, 18869, 0, 0, 0, 40), 
(11868, 18870, 0, 0, 0, 48), 
(11868, 18871, 0, 0, 0, 56), 
(11868, 18937, 0, 0, 0, 50), 
(11868, 18938, 0, 0, 0, 60), 
(11868, 20752, 0, 0, 0, 30), 
(11868, 20755, 0, 0, 0, 40), 
(11868, 20756, 0, 0, 0, 50), 
(11868, 20757, 0, 0, 0, 60), 
(11868, 25307, 0, 0, 0, 62), 
(11868, 25309, 0, 0, 0, 60), 
(11868, 25311, 0, 0, 0, 60), 
(11868, 27209, 0, 0, 0, 69), 
(11868, 27210, 0, 0, 0, 65), 
(11868, 27211, 0, 0, 0, 64), 
(11868, 27212, 0, 0, 0, 69), 
(11868, 27213, 0, 0, 0, 68), 
(11868, 27215, 0, 0, 0, 69), 
(11868, 27216, 0, 0, 0, 65), 
(11868, 27217, 0, 0, 0, 67), 
(11868, 27218, 0, 0, 0, 67), 
(11868, 27219, 0, 0, 0, 62), 
(11868, 27220, 0, 0, 0, 69), 
(11868, 27222, 0, 0, 0, 68), 
(11868, 27223, 0, 0, 0, 68), 
(11868, 27224, 0, 0, 0, 61), 
(11868, 27228, 0, 0, 0, 69), 
(11868, 27230, 0, 0, 0, 68), 
(11868, 27238, 0, 0, 0, 70), 
(11868, 27243, 0, 0, 0, 70), 
(11868, 27250, 0, 0, 0, 66), 
(11868, 27259, 0, 0, 0, 67), 
(11868, 27260, 0, 0, 0, 70), 
(11868, 27263, 0, 0, 0, 63), 
(11868, 27265, 0, 0, 0, 70), 
(11868, 28172, 0, 0, 0, 66), 
(11868, 28176, 0, 0, 0, 62), 
(11868, 28189, 0, 0, 0, 69), 
(11868, 28610, 0, 0, 0, 60), 
(11868, 29722, 0, 0, 0, 64), 
(11868, 29858, 0, 0, 0, 66), 
(11868, 29893, 0, 0, 0, 68), 
(11868, 30404, 0, 0, 0, 60), 
(11868, 30405, 0, 0, 0, 70), 
(11868, 30413, 0, 0, 0, 60), 
(11868, 30414, 0, 0, 0, 70), 
(11868, 30459, 0, 0, 0, 70), 
(11868, 30545, 0, 0, 0, 70), 
(11868, 30546, 0, 0, 0, 70), 
(11868, 30909, 0, 0, 0, 69), 
(11868, 30910, 0, 0, 0, 70), 
(11868, 32231, 0, 0, 0, 70), 
(11868, 47793, 0, 0, 0, 76), 
(11868, 47808, 0, 0, 0, 74), 
(11868, 47809, 0, 0, 0, 79), 
(11868, 47810, 0, 0, 0, 75), 
(11868, 47811, 0, 0, 0, 80), 
(11868, 47812, 0, 0, 0, 71), 
(11868, 47813, 0, 0, 0, 77), 
(11868, 47814, 0, 0, 0, 74), 
(11868, 47815, 0, 0, 0, 79), 
(11868, 47819, 0, 0, 0, 72), 
(11868, 47820, 0, 0, 0, 79), 
(11868, 47823, 0, 0, 0, 78), 
(11868, 47824, 0, 0, 0, 75), 
(11868, 47825, 0, 0, 0, 80), 
(11868, 47826, 0, 0, 0, 75), 
(11868, 47827, 0, 0, 0, 80), 
(11868, 47835, 0, 0, 0, 75), 
(11868, 47836, 0, 0, 0, 80), 
(11868, 47837, 0, 0, 0, 74), 
(11868, 47838, 0, 0, 0, 80), 
(11868, 47841, 0, 0, 0, 75), 
(11868, 47843, 0, 0, 0, 80), 
(11868, 47846, 0, 0, 0, 75), 
(11868, 47847, 0, 0, 0, 80), 
(11868, 47855, 0, 0, 0, 77), 
(11868, 47856, 0, 0, 0, 76), 
(11868, 47857, 0, 0, 0, 78), 
(11868, 47859, 0, 0, 0, 73), 
(11868, 47860, 0, 0, 0, 78), 
(11868, 47863, 0, 0, 0, 73), 
(11868, 47864, 0, 0, 0, 79), 
(11868, 47865, 0, 0, 0, 78), 
(11868, 47867, 0, 0, 0, 80), 
(11868, 47871, 0, 0, 0, 73), 
(11868, 47878, 0, 0, 0, 79), 
(11868, 47884, 0, 0, 0, 76), 
(11868, 47886, 0, 0, 0, 72), 
(11868, 47888, 0, 0, 0, 78), 
(11868, 47889, 0, 0, 0, 80), 
(11868, 47890, 0, 0, 0, 72), 
(11868, 47891, 0, 0, 0, 78), 
(11868, 47892, 0, 0, 0, 74), 
(11868, 47893, 0, 0, 0, 79), 
(11868, 47897, 0, 0, 0, 75), 
(11868, 48018, 0, 0, 0, 80), 
(11868, 48020, 0, 0, 0, 80), 
(11868, 50511, 0, 0, 0, 71), 
(11868, 57946, 0, 0, 0, 80), 
(11868, 58887, 0, 0, 0, 80), 
(11868, 59092, 0, 0, 0, 80), 
(11868, 59161, 0, 0, 0, 70), 
(11868, 59163, 0, 0, 0, 75), 
(11868, 59164, 0, 0, 0, 80), 
(11868, 59170, 0, 0, 0, 70), 
(11868, 59171, 0, 0, 0, 75), 
(11868, 59172, 0, 0, 0, 80), 
(11868, 60219, 0, 0, 0, 74), 
(11868, 60220, 0, 0, 0, 80), 
(11868, 61191, 0, 0, 0, 72), 
(11868, 61290, 0, 0, 0, 80), 
(11868, 688, 0, 0, 0, 1), 
(11868, 691, 0, 0, 0, 30), 
(11868, 697, 0, 0, 0, 10), 
(11868, 712, 0, 0, 0, 20), 
(11868, 1122, 0, 0, 0, 50), 
(11868, 5784, 0, 0, 0, 20), 
(11868, 18540, 0, 0, 0, 60), 
(11868, 23161, 0, 0, 0, 40), 
(11868, 72, 0, 0, 0, 12), 
(11868, 100, 0, 0, 0, 4), 
(11868, 284, 0, 0, 0, 8), 
(11868, 285, 0, 0, 0, 16), 
(11868, 469, 0, 0, 0, 68), 
(11868, 676, 0, 0, 0, 18), 
(11868, 694, 0, 0, 0, 16), 
(11868, 772, 0, 0, 0, 4), 
(11868, 845, 0, 0, 0, 20), 
(11868, 871, 0, 0, 0, 28), 
(11868, 1160, 0, 0, 0, 14), 
(11868, 1161, 0, 0, 0, 26), 
(11868, 1464, 0, 0, 0, 30), 
(11868, 1608, 0, 0, 0, 24), 
(11868, 1671, 0, 0, 0, 32), 
(11868, 1672, 0, 0, 0, 52), 
(11868, 1680, 0, 0, 0, 36), 
(11868, 1715, 0, 0, 0, 8), 
(11868, 1719, 0, 0, 0, 50), 
(11868, 2048, 0, 0, 0, 69), 
(11868, 2565, 0, 0, 0, 16), 
(11868, 2687, 0, 0, 0, 10), 
(11868, 3411, 0, 0, 0, 70), 
(11868, 5242, 0, 0, 0, 12), 
(11868, 5246, 0, 0, 0, 22), 
(11868, 5308, 0, 0, 0, 24), 
(11868, 6178, 0, 0, 0, 26), 
(11868, 6190, 0, 0, 0, 24), 
(11868, 6192, 0, 0, 0, 22), 
(11868, 6343, 0, 0, 0, 6), 
(11868, 6546, 0, 0, 0, 10), 
(11868, 6547, 0, 0, 0, 20), 
(11868, 6548, 0, 0, 0, 30), 
(11868, 6552, 0, 0, 0, 38), 
(11868, 6554, 0, 0, 0, 58), 
(11868, 6572, 0, 0, 0, 14), 
(11868, 6574, 0, 0, 0, 24), 
(11868, 6673, 0, 0, 0, 0), 
(11868, 7369, 0, 0, 0, 30), 
(11868, 7372, 0, 0, 0, 32), 
(11868, 7373, 0, 0, 0, 54), 
(11868, 7379, 0, 0, 0, 34), 
(11868, 7384, 0, 0, 0, 12), 
(11868, 7400, 0, 0, 0, 26), 
(11868, 7402, 0, 0, 0, 36), 
(11868, 7887, 0, 0, 0, 28), 
(11868, 8198, 0, 0, 0, 18), 
(11868, 8204, 0, 0, 0, 28), 
(11868, 8205, 0, 0, 0, 38), 
(11868, 8820, 0, 0, 0, 38), 
(11868, 11549, 0, 0, 0, 32), 
(11868, 11550, 0, 0, 0, 42), 
(11868, 11551, 0, 0, 0, 52), 
(11868, 11554, 0, 0, 0, 34), 
(11868, 11555, 0, 0, 0, 44), 
(11868, 11556, 0, 0, 0, 54), 
(11868, 11564, 0, 0, 0, 32), 
(11868, 11565, 0, 0, 0, 40), 
(11868, 11566, 0, 0, 0, 48), 
(11868, 11567, 0, 0, 0, 56), 
(11868, 11572, 0, 0, 0, 40), 
(11868, 11573, 0, 0, 0, 50), 
(11868, 11574, 0, 0, 0, 60), 
(11868, 11578, 0, 0, 0, 46), 
(11868, 11580, 0, 0, 0, 48), 
(11868, 11581, 0, 0, 0, 58), 
(11868, 11584, 0, 0, 0, 44), 
(11868, 11585, 0, 0, 0, 60), 
(11868, 11600, 0, 0, 0, 44), 
(11868, 11601, 0, 0, 0, 54), 
(11868, 11604, 0, 0, 0, 46), 
(11868, 11605, 0, 0, 0, 54), 
(11868, 11608, 0, 0, 0, 40), 
(11868, 11609, 0, 0, 0, 50), 
(11868, 12678, 0, 0, 0, 20), 
(11868, 18499, 0, 0, 0, 32), 
(11868, 20230, 0, 0, 0, 20), 
(11868, 20559, 0, 0, 0, 46), 
(11868, 20560, 0, 0, 0, 56), 
(11868, 20569, 0, 0, 0, 60), 
(11868, 20616, 0, 0, 0, 42), 
(11868, 20617, 0, 0, 0, 52), 
(11868, 20658, 0, 0, 0, 32), 
(11868, 20660, 0, 0, 0, 40), 
(11868, 20661, 0, 0, 0, 48), 
(11868, 20662, 0, 0, 0, 56), 
(11868, 21551, 0, 0, 0, 48), 
(11868, 21552, 0, 0, 0, 54), 
(11868, 21553, 0, 0, 0, 60), 
(11868, 23892, 0, 0, 0, 48), 
(11868, 23893, 0, 0, 0, 54), 
(11868, 23894, 0, 0, 0, 60), 
(11868, 23920, 0, 0, 0, 64), 
(11868, 23922, 0, 0, 0, 40), 
(11868, 23923, 0, 0, 0, 48), 
(11868, 23924, 0, 0, 0, 54), 
(11868, 23925, 0, 0, 0, 60), 
(11868, 25202, 0, 0, 0, 62), 
(11868, 25203, 0, 0, 0, 70), 
(11868, 25208, 0, 0, 0, 68), 
(11868, 25212, 0, 0, 0, 67), 
(11868, 25231, 0, 0, 0, 68), 
(11868, 25234, 0, 0, 0, 65), 
(11868, 25236, 0, 0, 0, 70), 
(11868, 25241, 0, 0, 0, 61), 
(11868, 25242, 0, 0, 0, 69), 
(11868, 25248, 0, 0, 0, 66), 
(11868, 25251, 0, 0, 0, 66), 
(11868, 25258, 0, 0, 0, 66), 
(11868, 25264, 0, 0, 0, 67), 
(11868, 25266, 0, 0, 0, 65), 
(11868, 25269, 0, 0, 0, 63), 
(11868, 25272, 0, 0, 0, 61), 
(11868, 25275, 0, 0, 0, 69), 
(11868, 25286, 0, 0, 0, 60), 
(11868, 25288, 0, 0, 0, 60), 
(11868, 25289, 0, 0, 0, 60), 
(11868, 29704, 0, 0, 0, 64), 
(11868, 29707, 0, 0, 0, 66), 
(11868, 30016, 0, 0, 0, 60), 
(11868, 30022, 0, 0, 0, 70), 
(11868, 30324, 0, 0, 0, 70), 
(11868, 30330, 0, 0, 0, 70), 
(11868, 30335, 0, 0, 0, 70), 
(11868, 30356, 0, 0, 0, 70), 
(11868, 30357, 0, 0, 0, 70), 
(11868, 34428, 0, 0, 0, 62), 
(11868, 46845, 0, 0, 0, 71), 
(11868, 47436, 0, 0, 0, 78), 
(11868, 47437, 0, 0, 0, 79), 
(11868, 47439, 0, 0, 0, 74), 
(11868, 47440, 0, 0, 0, 80), 
(11868, 47449, 0, 0, 0, 72), 
(11868, 47450, 0, 0, 0, 76), 
(11868, 47465, 0, 0, 0, 76), 
(11868, 47470, 0, 0, 0, 73), 
(11868, 47471, 0, 0, 0, 80), 
(11868, 47474, 0, 0, 0, 74), 
(11868, 47475, 0, 0, 0, 79), 
(11868, 47485, 0, 0, 0, 75), 
(11868, 47486, 0, 0, 0, 80), 
(11868, 47487, 0, 0, 0, 75), 
(11868, 47488, 0, 0, 0, 80), 
(11868, 47497, 0, 0, 0, 75), 
(11868, 47498, 0, 0, 0, 80), 
(11868, 47501, 0, 0, 0, 73), 
(11868, 47502, 0, 0, 0, 78), 
(11868, 47519, 0, 0, 0, 72), 
(11868, 47520, 0, 0, 0, 77), 
(11868, 55694, 0, 0, 0, 75), 
(11868, 57755, 0, 0, 0, 80), 
(11868, 57823, 0, 0, 0, 80), 
(11868, 64382, 0, 0, 0, 71), 
(11868, 2458, 0, 0, 0, 30), 
(11868, 20252, 0, 0, 0, 30), 
(11868, 71, 0, 0, 0, 10), 
(11868, 7386, 0, 0, 0, 10), 
(11868, 355, 0, 0, 0, 10), 
(11868, 33389, 0, 0, 0, 20), 
(11868, 33392, 0, 762, 75, 40), 
(11868, 34092, 0, 762, 150, 60), 
(11868, 34093, 0, 762, 225, 70), 
(11868, 54197, 0, 762, 225, 77), 
(11868, 197, 0, 0, 0, 0), 
(11868, 264, 0, 0, 0, 0), 
(11868, 5011, 0, 0, 0, 0), 
(11868, 1180, 0, 0, 0, 0), 
(11868, 15590, 0, 0, 0, 0), 
(11868, 266, 0, 0, 0, 0), 
(11868, 196, 0, 0, 0, 0), 
(11868, 198, 0, 0, 0, 0), 
(11868, 201, 0, 0, 0, 0), 
(11868, 200, 0, 0, 0, 0), 
(11868, 227, 0, 0, 0, 0), 
(11868, 199, 0, 0, 0, 0), 
(11868, 202, 0, 0, 0, 0), 
(11868, 53, 0, 0, 0, 4), 
(11868, 408, 0, 0, 0, 30), 
(11868, 703, 0, 0, 0, 14), 
(11868, 921, 0, 0, 0, 4), 
(11868, 1725, 0, 0, 0, 22), 
(11868, 1757, 0, 0, 0, 6), 
(11868, 1758, 0, 0, 0, 14), 
(11868, 1759, 0, 0, 0, 22), 
(11868, 1760, 0, 0, 0, 30), 
(11868, 1766, 0, 0, 0, 12), 
(11868, 1776, 0, 0, 0, 6), 
(11868, 1784, 0, 0, 0, 0), 
(11868, 1785, 0, 0, 0, 20), 
(11868, 1786, 0, 0, 0, 40), 
(11868, 1787, 0, 0, 0, 60), 
(11868, 1804, 0, 0, 0, 16), 
(11868, 1833, 0, 0, 0, 26), 
(11868, 1842, 0, 0, 0, 30), 
(11868, 1856, 0, 0, 0, 22), 
(11868, 1857, 0, 0, 0, 42), 
(11868, 1860, 0, 0, 0, 40), 
(11868, 1943, 0, 0, 0, 20), 
(11868, 1966, 0, 0, 0, 16), 
(11868, 2070, 0, 0, 0, 28), 
(11868, 2094, 0, 0, 0, 34), 
(11868, 2589, 0, 0, 0, 12), 
(11868, 2590, 0, 0, 0, 20), 
(11868, 2591, 0, 0, 0, 28), 
(11868, 2836, 0, 0, 0, 24), 
(11868, 2983, 0, 0, 0, 10), 
(11868, 5171, 0, 0, 0, 10), 
(11868, 5277, 0, 0, 0, 8), 
(11868, 5938, 0, 0, 0, 70), 
(11868, 6760, 0, 0, 0, 8), 
(11868, 6761, 0, 0, 0, 16), 
(11868, 6762, 0, 0, 0, 24), 
(11868, 6768, 0, 0, 0, 28), 
(11868, 6770, 0, 0, 0, 10), 
(11868, 6774, 0, 0, 0, 42), 
(11868, 8621, 0, 0, 0, 38), 
(11868, 8623, 0, 0, 0, 32), 
(11868, 8624, 0, 0, 0, 40), 
(11868, 8631, 0, 0, 0, 22), 
(11868, 8632, 0, 0, 0, 30), 
(11868, 8633, 0, 0, 0, 38), 
(11868, 8637, 0, 0, 0, 40), 
(11868, 8639, 0, 0, 0, 28), 
(11868, 8640, 0, 0, 0, 36), 
(11868, 8643, 0, 0, 0, 50), 
(11868, 8647, 0, 0, 0, 14), 
(11868, 8676, 0, 0, 0, 18), 
(11868, 8696, 0, 0, 0, 34), 
(11868, 8721, 0, 0, 0, 36), 
(11868, 8724, 0, 0, 0, 26), 
(11868, 8725, 0, 0, 0, 34), 
(11868, 11267, 0, 0, 0, 42), 
(11868, 11268, 0, 0, 0, 50), 
(11868, 11269, 0, 0, 0, 58), 
(11868, 11273, 0, 0, 0, 44), 
(11868, 11274, 0, 0, 0, 52), 
(11868, 11275, 0, 0, 0, 60), 
(11868, 11279, 0, 0, 0, 44), 
(11868, 11280, 0, 0, 0, 52), 
(11868, 11281, 0, 0, 0, 60), 
(11868, 11289, 0, 0, 0, 46), 
(11868, 11290, 0, 0, 0, 54), 
(11868, 11293, 0, 0, 0, 46), 
(11868, 11294, 0, 0, 0, 54), 
(11868, 11297, 0, 0, 0, 48), 
(11868, 11299, 0, 0, 0, 48), 
(11868, 11300, 0, 0, 0, 56), 
(11868, 11303, 0, 0, 0, 52), 
(11868, 11305, 0, 0, 0, 58), 
(11868, 17347, 0, 0, 0, 46), 
(11868, 17348, 0, 0, 0, 58), 
(11868, 25300, 0, 0, 0, 60), 
(11868, 25302, 0, 0, 0, 60), 
(11868, 26669, 0, 0, 0, 50), 
(11868, 26679, 0, 0, 0, 64), 
(11868, 26839, 0, 0, 0, 61), 
(11868, 26861, 0, 0, 0, 62), 
(11868, 26862, 0, 0, 0, 70), 
(11868, 26863, 0, 0, 0, 68), 
(11868, 26864, 0, 0, 0, 70), 
(11868, 26865, 0, 0, 0, 64), 
(11868, 26867, 0, 0, 0, 68), 
(11868, 26884, 0, 0, 0, 70), 
(11868, 26889, 0, 0, 0, 62), 
(11868, 27441, 0, 0, 0, 66), 
(11868, 27448, 0, 0, 0, 64), 
(11868, 31016, 0, 0, 0, 60), 
(11868, 31224, 0, 0, 0, 66), 
(11868, 32645, 0, 0, 0, 62), 
(11868, 32684, 0, 0, 0, 69), 
(11868, 34411, 0, 0, 0, 50), 
(11868, 34412, 0, 0, 0, 60), 
(11868, 34413, 0, 0, 0, 70), 
(11868, 48637, 0, 0, 0, 76), 
(11868, 48638, 0, 0, 0, 80), 
(11868, 48656, 0, 0, 0, 74), 
(11868, 48657, 0, 0, 0, 80), 
(11868, 48658, 0, 0, 0, 72), 
(11868, 48659, 0, 0, 0, 78), 
(11868, 48660, 0, 0, 0, 80), 
(11868, 48663, 0, 0, 0, 75), 
(11868, 48666, 0, 0, 0, 80), 
(11868, 48667, 0, 0, 0, 73), 
(11868, 48668, 0, 0, 0, 79), 
(11868, 48671, 0, 0, 0, 74), 
(11868, 48672, 0, 0, 0, 79), 
(11868, 48673, 0, 0, 0, 70), 
(11868, 48674, 0, 0, 0, 76), 
(11868, 48675, 0, 0, 0, 75), 
(11868, 48676, 0, 0, 0, 80), 
(11868, 48689, 0, 0, 0, 70), 
(11868, 48690, 0, 0, 0, 75), 
(11868, 48691, 0, 0, 0, 80), 
(11868, 51722, 0, 0, 0, 20), 
(11868, 51723, 0, 0, 0, 80), 
(11868, 51724, 0, 0, 0, 71), 
(11868, 57934, 0, 0, 0, 75), 
(11868, 57992, 0, 0, 0, 74), 
(11868, 57993, 0, 0, 0, 80);