DELETE FROM `npc_trainer` WHERE (`entry`=910018);
INSERT INTO `npc_trainer` (entry, spell, spellcost, reqskill, reqskillvalue, reqlevel) VALUES  
(910018, 498, 0, 0, 0, 6), 
(910018, 633, 0, 0, 0, 10), 
(910018, 639, 0, 0, 0, 6), 
(910018, 642, 0, 0, 0, 34), 
(910018, 643, 0, 0, 0, 20), 
(910018, 647, 0, 0, 0, 14), 
(910018, 750, 0, 0, 0, 40), 
(910018, 853, 0, 0, 0, 8), 
(910018, 879, 0, 0, 0, 20), 
(910018, 1022, 0, 0, 0, 10), 
(910018, 1026, 0, 0, 0, 22), 
(910018, 1032, 0, 0, 0, 40), 
(910018, 1038, 0, 0, 0, 26), 
(910018, 1042, 0, 0, 0, 30), 
(910018, 1044, 0, 0, 0, 18), 
(910018, 1152, 0, 0, 0, 8), 
(910018, 2800, 0, 0, 0, 30), 
(910018, 2812, 0, 0, 0, 50), 
(910018, 3472, 0, 0, 0, 38), 
(910018, 4987, 0, 0, 0, 42), 
(910018, 5588, 0, 0, 0, 24), 
(910018, 5589, 0, 0, 0, 40), 
(910018, 5599, 0, 0, 0, 24), 
(910018, 5614, 0, 0, 0, 28), 
(910018, 5615, 0, 0, 0, 36), 
(910018, 6940, 0, 0, 0, 46), 
(910018, 7294, 0, 0, 0, 16), 
(910018, 10278, 0, 0, 0, 38), 
(910018, 10290, 0, 0, 0, 10), 
(910018, 10291, 0, 0, 0, 30), 
(910018, 10292, 0, 0, 0, 50), 
(910018, 10293, 0, 0, 0, 60), 
(910018, 10298, 0, 0, 0, 26), 
(910018, 10299, 0, 0, 0, 36), 
(910018, 10300, 0, 0, 0, 46), 
(910018, 10301, 0, 0, 0, 56), 
(910018, 10308, 0, 0, 0, 54), 
(910018, 10310, 0, 0, 0, 50), 
(910018, 10312, 0, 0, 0, 44), 
(910018, 10313, 0, 0, 0, 52), 
(910018, 10314, 0, 0, 0, 60), 
(910018, 10318, 0, 0, 0, 60), 
(910018, 10322, 0, 0, 0, 24), 
(910018, 10324, 0, 0, 0, 36), 
(910018, 10326, 0, 0, 0, 24), 
(910018, 10328, 0, 0, 0, 46), 
(910018, 10329, 0, 0, 0, 54), 
(910018, 13820, 0, 0, 0, 20), 
(910018, 19740, 0, 0, 0, 4), 
(910018, 19742, 0, 0, 0, 14), 
(910018, 19746, 0, 0, 0, 22), 
(910018, 19750, 0, 0, 0, 20), 
(910018, 19752, 0, 0, 0, 30), 
(910018, 19834, 0, 0, 0, 12), 
(910018, 19835, 0, 0, 0, 22), 
(910018, 19836, 0, 0, 0, 32), 
(910018, 19837, 0, 0, 0, 42), 
(910018, 19838, 0, 0, 0, 52), 
(910018, 19850, 0, 0, 0, 24), 
(910018, 19852, 0, 0, 0, 34), 
(910018, 19853, 0, 0, 0, 44), 
(910018, 19854, 0, 0, 0, 54), 
(910018, 19876, 0, 0, 0, 28), 
(910018, 19888, 0, 0, 0, 32), 
(910018, 19891, 0, 0, 0, 36), 
(910018, 19895, 0, 0, 0, 40), 
(910018, 19896, 0, 0, 0, 52), 
(910018, 19897, 0, 0, 0, 44), 
(910018, 19898, 0, 0, 0, 56), 
(910018, 19899, 0, 0, 0, 48), 
(910018, 19900, 0, 0, 0, 60), 
(910018, 19939, 0, 0, 0, 26), 
(910018, 19940, 0, 0, 0, 34), 
(910018, 19941, 0, 0, 0, 42), 
(910018, 19942, 0, 0, 0, 50), 
(910018, 19943, 0, 0, 0, 58), 
(910018, 20116, 0, 0, 0, 30), 
(910018, 20164, 0, 0, 0, 22), 
(910018, 20165, 0, 0, 0, 30), 
(910018, 20166, 0, 0, 0, 38), 
(910018, 20217, 0, 0, 0, 20), 
(910018, 20271, 0, 0, 0, 4), 
(910018, 20772, 0, 0, 0, 48), 
(910018, 20773, 0, 0, 0, 60), 
(910018, 20922, 0, 0, 0, 40), 
(910018, 20923, 0, 0, 0, 50), 
(910018, 20924, 0, 0, 0, 60), 
(910018, 20927, 0, 0, 0, 50), 
(910018, 20928, 0, 0, 0, 60), 
(910018, 20929, 0, 0, 0, 48), 
(910018, 20930, 0, 0, 0, 56), 
(910018, 23215, 0, 0, 0, 40), 
(910018, 24239, 0, 0, 0, 60), 
(910018, 24274, 0, 0, 0, 52), 
(910018, 24275, 0, 0, 0, 44), 
(910018, 25290, 0, 0, 0, 60), 
(910018, 25291, 0, 0, 0, 60), 
(910018, 25292, 0, 0, 0, 60), 
(910018, 25780, 0, 0, 0, 16), 
(910018, 25782, 0, 0, 0, 52), 
(910018, 25894, 0, 0, 0, 54), 
(910018, 25898, 0, 0, 0, 60), 
(910018, 25899, 0, 0, 0, 60), 
(910018, 25916, 0, 0, 0, 60), 
(910018, 25918, 0, 0, 0, 60), 
(910018, 26573, 0, 0, 0, 20), 
(910018, 27135, 0, 0, 0, 62), 
(910018, 27136, 0, 0, 0, 70), 
(910018, 27137, 0, 0, 0, 66), 
(910018, 27138, 0, 0, 0, 68), 
(910018, 27139, 0, 0, 0, 69), 
(910018, 27140, 0, 0, 0, 70), 
(910018, 27141, 0, 0, 0, 70), 
(910018, 27142, 0, 0, 0, 65), 
(910018, 27143, 0, 0, 0, 65), 
(910018, 27149, 0, 0, 0, 70), 
(910018, 27150, 0, 0, 0, 66), 
(910018, 27151, 0, 0, 0, 63), 
(910018, 27152, 0, 0, 0, 68), 
(910018, 27153, 0, 0, 0, 70), 
(910018, 27154, 0, 0, 0, 69), 
(910018, 27173, 0, 0, 0, 70), 
(910018, 27174, 0, 0, 0, 64), 
(910018, 27179, 0, 0, 0, 70), 
(910018, 27180, 0, 0, 0, 68), 
(910018, 31789, 0, 0, 0, 14), 
(910018, 31801, 0, 0, 0, 64), 
(910018, 31884, 0, 0, 0, 70), 
(910018, 32223, 0, 0, 0, 62), 
(910018, 32699, 0, 0, 0, 60), 
(910018, 32700, 0, 0, 0, 70), 
(910018, 33072, 0, 0, 0, 70), 
(910018, 48781, 0, 0, 0, 75), 
(910018, 48782, 0, 0, 0, 80), 
(910018, 48784, 0, 0, 0, 74), 
(910018, 48785, 0, 0, 0, 79), 
(910018, 48788, 0, 0, 0, 78), 
(910018, 48800, 0, 0, 0, 73), 
(910018, 48801, 0, 0, 0, 79), 
(910018, 48805, 0, 0, 0, 74), 
(910018, 48806, 0, 0, 0, 80), 
(910018, 48816, 0, 0, 0, 72), 
(910018, 48817, 0, 0, 0, 78), 
(910018, 48818, 0, 0, 0, 75), 
(910018, 48819, 0, 0, 0, 80), 
(910018, 48824, 0, 0, 0, 75), 
(910018, 48825, 0, 0, 0, 80), 
(910018, 48826, 0, 0, 0, 75), 
(910018, 48827, 0, 0, 0, 80), 
(910018, 48931, 0, 0, 0, 73), 
(910018, 48932, 0, 0, 0, 79), 
(910018, 48933, 0, 0, 0, 73), 
(910018, 48934, 0, 0, 0, 79), 
(910018, 48935, 0, 0, 0, 71), 
(910018, 48936, 0, 0, 0, 77), 
(910018, 48937, 0, 0, 0, 71), 
(910018, 48938, 0, 0, 0, 77), 
(910018, 48941, 0, 0, 0, 74), 
(910018, 48942, 0, 0, 0, 79), 
(910018, 48943, 0, 0, 0, 76), 
(910018, 48945, 0, 0, 0, 77), 
(910018, 48947, 0, 0, 0, 78), 
(910018, 48949, 0, 0, 0, 72), 
(910018, 48950, 0, 0, 0, 79), 
(910018, 48951, 0, 0, 0, 75), 
(910018, 48952, 0, 0, 0, 80), 
(910018, 53407, 0, 0, 0, 28), 
(910018, 53408, 0, 0, 0, 12), 
(910018, 53600, 0, 0, 0, 75), 
(910018, 53601, 0, 0, 0, 80), 
(910018, 54043, 0, 0, 0, 76), 
(910018, 54428, 0, 0, 0, 71), 
(910018, 61411, 0, 0, 0, 80), 
(910018, 62124, 0, 0, 0, 16), 
(910018, 7328, 0, 0, 0, 12), 
(910018, 5502, 0, 0, 0, 20), 
(910018, 34769, 0, 0, 0, 20), 
(910018, 13819, 0, 0, 0, 20), 
(910018, 23214, 0, 0, 0, 40), 
(910018, 34767, 0, 0, 0, 40), 
(910018, 99, 0, 0, 0, 10), 
(910018, 339, 0, 0, 0, 8), 
(910018, 467, 0, 0, 0, 6), 
(910018, 740, 0, 0, 0, 30), 
(910018, 768, 0, 0, 0, 20), 
(910018, 769, 0, 0, 0, 34), 
(910018, 770, 0, 0, 0, 18), 
(910018, 774, 0, 0, 0, 4), 
(910018, 779, 0, 0, 0, 16), 
(910018, 780, 0, 0, 0, 24), 
(910018, 782, 0, 0, 0, 14), 
(910018, 783, 0, 0, 0, 16), 
(910018, 1058, 0, 0, 0, 10), 
(910018, 1062, 0, 0, 0, 18), 
(910018, 1075, 0, 0, 0, 24), 
(910018, 1079, 0, 0, 0, 20), 
(910018, 1082, 0, 0, 0, 20), 
(910018, 1126, 0, 0, 0, 0), 
(910018, 1430, 0, 0, 0, 16), 
(910018, 1735, 0, 0, 0, 20), 
(910018, 1822, 0, 0, 0, 24), 
(910018, 1823, 0, 0, 0, 34), 
(910018, 1824, 0, 0, 0, 44), 
(910018, 1850, 0, 0, 0, 26), 
(910018, 2090, 0, 0, 0, 22), 
(910018, 2091, 0, 0, 0, 28), 
(910018, 2637, 0, 0, 0, 18), 
(910018, 2782, 0, 0, 0, 24), 
(910018, 2893, 0, 0, 0, 26), 
(910018, 2908, 0, 0, 0, 22), 
(910018, 2912, 0, 0, 0, 20), 
(910018, 3029, 0, 0, 0, 28), 
(910018, 3627, 0, 0, 0, 34), 
(910018, 5177, 0, 0, 0, 6), 
(910018, 5178, 0, 0, 0, 14), 
(910018, 5179, 0, 0, 0, 22), 
(910018, 5180, 0, 0, 0, 30), 
(910018, 5186, 0, 0, 0, 8), 
(910018, 5187, 0, 0, 0, 14), 
(910018, 5188, 0, 0, 0, 20), 
(910018, 5189, 0, 0, 0, 26), 
(910018, 5195, 0, 0, 0, 28), 
(910018, 5196, 0, 0, 0, 38), 
(910018, 5201, 0, 0, 0, 38), 
(910018, 5209, 0, 0, 0, 28), 
(910018, 5211, 0, 0, 0, 14), 
(910018, 5215, 0, 0, 0, 20), 
(910018, 5217, 0, 0, 0, 24), 
(910018, 5221, 0, 0, 0, 22), 
(910018, 5225, 0, 0, 0, 32), 
(910018, 5229, 0, 0, 0, 12), 
(910018, 5232, 0, 0, 0, 10), 
(910018, 5234, 0, 0, 0, 30), 
(910018, 6756, 0, 0, 0, 20), 
(910018, 6778, 0, 0, 0, 32), 
(910018, 6780, 0, 0, 0, 38), 
(910018, 6783, 0, 0, 0, 40), 
(910018, 6785, 0, 0, 0, 32), 
(910018, 6787, 0, 0, 0, 42), 
(910018, 6793, 0, 0, 0, 36), 
(910018, 6798, 0, 0, 0, 30), 
(910018, 6800, 0, 0, 0, 30), 
(910018, 6808, 0, 0, 0, 18), 
(910018, 6809, 0, 0, 0, 26), 
(910018, 8903, 0, 0, 0, 38), 
(910018, 8905, 0, 0, 0, 46), 
(910018, 8907, 0, 0, 0, 40), 
(910018, 8910, 0, 0, 0, 40), 
(910018, 8914, 0, 0, 0, 34), 
(910018, 8918, 0, 0, 0, 40), 
(910018, 8921, 0, 0, 0, 4), 
(910018, 8924, 0, 0, 0, 10), 
(910018, 8925, 0, 0, 0, 16), 
(910018, 8926, 0, 0, 0, 22), 
(910018, 8927, 0, 0, 0, 28), 
(910018, 8928, 0, 0, 0, 34), 
(910018, 8929, 0, 0, 0, 40), 
(910018, 8936, 0, 0, 0, 12), 
(910018, 8938, 0, 0, 0, 18), 
(910018, 8939, 0, 0, 0, 24), 
(910018, 8940, 0, 0, 0, 30), 
(910018, 8941, 0, 0, 0, 36), 
(910018, 8949, 0, 0, 0, 26), 
(910018, 8950, 0, 0, 0, 34), 
(910018, 8951, 0, 0, 0, 42), 
(910018, 8955, 0, 0, 0, 38), 
(910018, 8972, 0, 0, 0, 34), 
(910018, 8983, 0, 0, 0, 46), 
(910018, 8992, 0, 0, 0, 38), 
(910018, 8998, 0, 0, 0, 28), 
(910018, 9000, 0, 0, 0, 40), 
(910018, 9005, 0, 0, 0, 36), 
(910018, 9490, 0, 0, 0, 32), 
(910018, 9492, 0, 0, 0, 28), 
(910018, 9493, 0, 0, 0, 36), 
(910018, 9634, 0, 0, 0, 40), 
(910018, 9745, 0, 0, 0, 42), 
(910018, 9747, 0, 0, 0, 42), 
(910018, 9750, 0, 0, 0, 42), 
(910018, 9752, 0, 0, 0, 44), 
(910018, 9754, 0, 0, 0, 44), 
(910018, 9756, 0, 0, 0, 44), 
(910018, 9758, 0, 0, 0, 44), 
(910018, 9821, 0, 0, 0, 46), 
(910018, 9823, 0, 0, 0, 46), 
(910018, 9827, 0, 0, 0, 56), 
(910018, 9829, 0, 0, 0, 46), 
(910018, 9830, 0, 0, 0, 54), 
(910018, 9833, 0, 0, 0, 46), 
(910018, 9834, 0, 0, 0, 52), 
(910018, 9835, 0, 0, 0, 58), 
(910018, 9839, 0, 0, 0, 46), 
(910018, 9840, 0, 0, 0, 52), 
(910018, 9841, 0, 0, 0, 58), 
(910018, 9845, 0, 0, 0, 48), 
(910018, 9846, 0, 0, 0, 60), 
(910018, 9849, 0, 0, 0, 48), 
(910018, 9850, 0, 0, 0, 58), 
(910018, 9852, 0, 0, 0, 48), 
(910018, 9853, 0, 0, 0, 58), 
(910018, 9856, 0, 0, 0, 48), 
(910018, 9857, 0, 0, 0, 54), 
(910018, 9858, 0, 0, 0, 60), 
(910018, 9862, 0, 0, 0, 50), 
(910018, 9863, 0, 0, 0, 60), 
(910018, 9866, 0, 0, 0, 50), 
(910018, 9867, 0, 0, 0, 58), 
(910018, 9875, 0, 0, 0, 50), 
(910018, 9876, 0, 0, 0, 58), 
(910018, 9880, 0, 0, 0, 50), 
(910018, 9881, 0, 0, 0, 58), 
(910018, 9884, 0, 0, 0, 50), 
(910018, 9885, 0, 0, 0, 60), 
(910018, 9888, 0, 0, 0, 50), 
(910018, 9889, 0, 0, 0, 56), 
(910018, 9892, 0, 0, 0, 52), 
(910018, 9894, 0, 0, 0, 52), 
(910018, 9896, 0, 0, 0, 60), 
(910018, 9898, 0, 0, 0, 52), 
(910018, 9901, 0, 0, 0, 54), 
(910018, 9904, 0, 0, 0, 54), 
(910018, 9908, 0, 0, 0, 54), 
(910018, 9910, 0, 0, 0, 54), 
(910018, 9912, 0, 0, 0, 54), 
(910018, 9913, 0, 0, 0, 60), 
(910018, 16689, 0, 0, 0, 10), 
(910018, 16810, 0, 0, 0, 18), 
(910018, 16811, 0, 0, 0, 28), 
(910018, 16812, 0, 0, 0, 38), 
(910018, 16813, 0, 0, 0, 48), 
(910018, 16857, 0, 0, 0, 18), 
(910018, 16914, 0, 0, 0, 40), 
(910018, 17329, 0, 0, 0, 58), 
(910018, 17401, 0, 0, 0, 50), 
(910018, 17402, 0, 0, 0, 60), 
(910018, 18657, 0, 0, 0, 38), 
(910018, 18658, 0, 0, 0, 58), 
(910018, 20484, 0, 0, 0, 20), 
(910018, 20719, 0, 0, 0, 40), 
(910018, 20739, 0, 0, 0, 30), 
(910018, 20742, 0, 0, 0, 40), 
(910018, 20747, 0, 0, 0, 50), 
(910018, 20748, 0, 0, 0, 60), 
(910018, 21849, 0, 0, 0, 50), 
(910018, 21850, 0, 0, 0, 60), 
(910018, 22568, 0, 0, 0, 32), 
(910018, 22570, 0, 0, 0, 62), 
(910018, 22812, 0, 0, 0, 44), 
(910018, 22827, 0, 0, 0, 40), 
(910018, 22828, 0, 0, 0, 48), 
(910018, 22829, 0, 0, 0, 56), 
(910018, 22842, 0, 0, 0, 36), 
(910018, 24248, 0, 0, 0, 63), 
(910018, 24974, 0, 0, 0, 30), 
(910018, 24975, 0, 0, 0, 40), 
(910018, 24976, 0, 0, 0, 50), 
(910018, 24977, 0, 0, 0, 60), 
(910018, 25297, 0, 0, 0, 60), 
(910018, 25298, 0, 0, 0, 60), 
(910018, 25299, 0, 0, 0, 60), 
(910018, 26978, 0, 0, 0, 62), 
(910018, 26979, 0, 0, 0, 69), 
(910018, 26980, 0, 0, 0, 65), 
(910018, 26981, 0, 0, 0, 63), 
(910018, 26982, 0, 0, 0, 69), 
(910018, 26983, 0, 0, 0, 70), 
(910018, 26984, 0, 0, 0, 61), 
(910018, 26985, 0, 0, 0, 69), 
(910018, 26986, 0, 0, 0, 67), 
(910018, 26987, 0, 0, 0, 63), 
(910018, 26988, 0, 0, 0, 70), 
(910018, 26989, 0, 0, 0, 68), 
(910018, 26990, 0, 0, 0, 70), 
(910018, 26991, 0, 0, 0, 70), 
(910018, 26992, 0, 0, 0, 64), 
(910018, 26994, 0, 0, 0, 69), 
(910018, 26995, 0, 0, 0, 70), 
(910018, 26996, 0, 0, 0, 67), 
(910018, 26997, 0, 0, 0, 64), 
(910018, 26998, 0, 0, 0, 62), 
(910018, 27000, 0, 0, 0, 67), 
(910018, 27001, 0, 0, 0, 61), 
(910018, 27002, 0, 0, 0, 70), 
(910018, 27003, 0, 0, 0, 64), 
(910018, 27004, 0, 0, 0, 69), 
(910018, 27005, 0, 0, 0, 66), 
(910018, 27006, 0, 0, 0, 66), 
(910018, 27008, 0, 0, 0, 67), 
(910018, 27009, 0, 0, 0, 68), 
(910018, 27012, 0, 0, 0, 70), 
(910018, 27013, 0, 0, 0, 70), 
(910018, 29166, 0, 0, 0, 40), 
(910018, 31018, 0, 0, 0, 60), 
(910018, 31709, 0, 0, 0, 60), 
(910018, 33357, 0, 0, 0, 65), 
(910018, 33745, 0, 0, 0, 66), 
(910018, 33763, 0, 0, 0, 64), 
(910018, 33786, 0, 0, 0, 70), 
(910018, 33943, 0, 762, 150, 68), 
(910018, 33950, 0, 762, 150, 60), 
(910018, 33982, 0, 0, 0, 58), 
(910018, 33983, 0, 0, 0, 68), 
(910018, 33986, 0, 0, 0, 58), 
(910018, 33987, 0, 0, 0, 68), 
(910018, 48377, 0, 0, 0, 74), 
(910018, 48378, 0, 0, 0, 79), 
(910018, 48440, 0, 0, 0, 75), 
(910018, 48441, 0, 0, 0, 80), 
(910018, 48442, 0, 0, 0, 71), 
(910018, 48443, 0, 0, 0, 77), 
(910018, 48446, 0, 0, 0, 75), 
(910018, 48447, 0, 0, 0, 80), 
(910018, 48450, 0, 0, 0, 72), 
(910018, 48451, 0, 0, 0, 80), 
(910018, 48459, 0, 0, 0, 74), 
(910018, 48461, 0, 0, 0, 79), 
(910018, 48462, 0, 0, 0, 75), 
(910018, 48463, 0, 0, 0, 80), 
(910018, 48464, 0, 0, 0, 72), 
(910018, 48465, 0, 0, 0, 78), 
(910018, 48467, 0, 0, 0, 80), 
(910018, 48468, 0, 0, 0, 80), 
(910018, 48469, 0, 0, 0, 80), 
(910018, 48470, 0, 0, 0, 80), 
(910018, 48477, 0, 0, 0, 79), 
(910018, 48479, 0, 0, 0, 73), 
(910018, 48480, 0, 0, 0, 79), 
(910018, 48559, 0, 0, 0, 71), 
(910018, 48560, 0, 0, 0, 77), 
(910018, 48561, 0, 0, 0, 72), 
(910018, 48562, 0, 0, 0, 77), 
(910018, 48563, 0, 0, 0, 75), 
(910018, 48564, 0, 0, 0, 80), 
(910018, 48565, 0, 0, 0, 75), 
(910018, 48566, 0, 0, 0, 80), 
(910018, 48567, 0, 0, 0, 73), 
(910018, 48568, 0, 0, 0, 80), 
(910018, 48569, 0, 0, 0, 73), 
(910018, 48570, 0, 0, 0, 79), 
(910018, 48571, 0, 0, 0, 75), 
(910018, 48572, 0, 0, 0, 80), 
(910018, 48573, 0, 0, 0, 72), 
(910018, 48574, 0, 0, 0, 78), 
(910018, 48575, 0, 0, 0, 76), 
(910018, 48576, 0, 0, 0, 72), 
(910018, 48577, 0, 0, 0, 78), 
(910018, 48578, 0, 0, 0, 73), 
(910018, 48579, 0, 0, 0, 79), 
(910018, 49799, 0, 0, 0, 71), 
(910018, 49800, 0, 0, 0, 80), 
(910018, 49802, 0, 0, 0, 74), 
(910018, 49803, 0, 0, 0, 77), 
(910018, 50212, 0, 0, 0, 71), 
(910018, 50213, 0, 0, 0, 79), 
(910018, 50464, 0, 0, 0, 80), 
(910018, 50763, 0, 0, 0, 80), 
(910018, 50764, 0, 0, 0, 69), 
(910018, 50765, 0, 0, 0, 60), 
(910018, 50766, 0, 0, 0, 48), 
(910018, 50767, 0, 0, 0, 36), 
(910018, 50768, 0, 0, 0, 24), 
(910018, 50769, 0, 0, 0, 12), 
(910018, 52610, 0, 0, 0, 75), 
(910018, 53199, 0, 0, 0, 70), 
(910018, 53200, 0, 0, 0, 75), 
(910018, 53201, 0, 0, 0, 80), 
(910018, 53223, 0, 0, 0, 60), 
(910018, 53225, 0, 0, 0, 70), 
(910018, 53226, 0, 0, 0, 75), 
(910018, 53248, 0, 0, 0, 70), 
(910018, 53249, 0, 0, 0, 75), 
(910018, 53251, 0, 0, 0, 80), 
(910018, 53307, 0, 0, 0, 74), 
(910018, 53308, 0, 0, 0, 78), 
(910018, 53312, 0, 0, 0, 78), 
(910018, 61384, 0, 0, 0, 80), 
(910018, 62078, 0, 0, 0, 71), 
(910018, 62600, 0, 0, 0, 40), 
(910018, 1066, 0, 0, 0, 16), 
(910018, 8946, 0, 0, 0, 14), 
(910018, 40120, 0, 0, 0, 71), 
(910018, 5487, 0, 0, 0, 10), 
(910018, 6795, 0, 0, 0, 10), 
(910018, 6807, 0, 0, 0, 10), 
(910018, 136, 0, 0, 0, 12), 
(910018, 674, 0, 0, 0, 20), 
(910018, 781, 0, 0, 0, 20), 
(910018, 1002, 0, 0, 0, 14), 
(910018, 1130, 0, 0, 0, 6), 
(910018, 1462, 0, 0, 0, 24), 
(910018, 1494, 0, 0, 0, 0), 
(910018, 1495, 0, 0, 0, 16), 
(910018, 1499, 0, 0, 0, 20), 
(910018, 1510, 0, 0, 0, 40), 
(910018, 1513, 0, 0, 0, 14), 
(910018, 1543, 0, 0, 0, 32), 
(910018, 1978, 0, 0, 0, 4), 
(910018, 2643, 0, 0, 0, 18), 
(910018, 2974, 0, 0, 0, 12), 
(910018, 3034, 0, 0, 0, 36), 
(910018, 3043, 0, 0, 0, 22), 
(910018, 3044, 0, 0, 0, 6), 
(910018, 3045, 0, 0, 0, 26), 
(910018, 3111, 0, 0, 0, 20), 
(910018, 3127, 0, 0, 0, 8), 
(910018, 3661, 0, 0, 0, 28), 
(910018, 3662, 0, 0, 0, 36), 
(910018, 5116, 0, 0, 0, 8), 
(910018, 5118, 0, 0, 0, 16), 
(910018, 5384, 0, 0, 0, 30), 
(910018, 6197, 0, 0, 0, 14), 
(910018, 13159, 0, 0, 0, 40), 
(910018, 13161, 0, 0, 0, 30), 
(910018, 13163, 0, 0, 0, 4), 
(910018, 13165, 0, 0, 0, 10), 
(910018, 13542, 0, 0, 0, 44), 
(910018, 13543, 0, 0, 0, 52), 
(910018, 13544, 0, 0, 0, 60), 
(910018, 13549, 0, 0, 0, 10), 
(910018, 13550, 0, 0, 0, 18), 
(910018, 13551, 0, 0, 0, 26), 
(910018, 13552, 0, 0, 0, 34), 
(910018, 13553, 0, 0, 0, 42), 
(910018, 13554, 0, 0, 0, 50), 
(910018, 13555, 0, 0, 0, 58), 
(910018, 13795, 0, 0, 0, 16), 
(910018, 13809, 0, 0, 0, 28), 
(910018, 13813, 0, 0, 0, 34), 
(910018, 14260, 0, 0, 0, 8), 
(910018, 14261, 0, 0, 0, 16), 
(910018, 14262, 0, 0, 0, 24), 
(910018, 14263, 0, 0, 0, 32), 
(910018, 14264, 0, 0, 0, 40), 
(910018, 14265, 0, 0, 0, 48), 
(910018, 14266, 0, 0, 0, 56), 
(910018, 14267, 0, 0, 0, 38), 
(910018, 14268, 0, 0, 0, 60), 
(910018, 14269, 0, 0, 0, 30), 
(910018, 14270, 0, 0, 0, 44), 
(910018, 14271, 0, 0, 0, 58), 
(910018, 14281, 0, 0, 0, 12), 
(910018, 14282, 0, 0, 0, 20), 
(910018, 14283, 0, 0, 0, 28), 
(910018, 14284, 0, 0, 0, 36), 
(910018, 14285, 0, 0, 0, 44), 
(910018, 14286, 0, 0, 0, 52), 
(910018, 14287, 0, 0, 0, 60), 
(910018, 14288, 0, 0, 0, 30), 
(910018, 14289, 0, 0, 0, 42), 
(910018, 14290, 0, 0, 0, 54), 
(910018, 14294, 0, 0, 0, 50), 
(910018, 14295, 0, 0, 0, 58), 
(910018, 14302, 0, 0, 0, 26), 
(910018, 14303, 0, 0, 0, 36), 
(910018, 14304, 0, 0, 0, 46), 
(910018, 14305, 0, 0, 0, 56), 
(910018, 14310, 0, 0, 0, 40), 
(910018, 14311, 0, 0, 0, 60), 
(910018, 14316, 0, 0, 0, 44), 
(910018, 14317, 0, 0, 0, 54), 
(910018, 14318, 0, 0, 0, 18), 
(910018, 14319, 0, 0, 0, 28), 
(910018, 14320, 0, 0, 0, 38), 
(910018, 14321, 0, 0, 0, 48), 
(910018, 14322, 0, 0, 0, 58), 
(910018, 14323, 0, 0, 0, 22), 
(910018, 14324, 0, 0, 0, 40), 
(910018, 14325, 0, 0, 0, 58), 
(910018, 14326, 0, 0, 0, 30), 
(910018, 14327, 0, 0, 0, 46), 
(910018, 19263, 0, 0, 0, 60), 
(910018, 19801, 0, 0, 0, 60), 
(910018, 19878, 0, 0, 0, 32), 
(910018, 19879, 0, 0, 0, 50), 
(910018, 19880, 0, 0, 0, 26), 
(910018, 19882, 0, 0, 0, 40), 
(910018, 19884, 0, 0, 0, 18), 
(910018, 19885, 0, 0, 0, 24), 
(910018, 20043, 0, 0, 0, 46), 
(910018, 20190, 0, 0, 0, 56), 
(910018, 20736, 0, 0, 0, 12), 
(910018, 20900, 0, 0, 0, 28), 
(910018, 20901, 0, 0, 0, 36), 
(910018, 20902, 0, 0, 0, 44), 
(910018, 20903, 0, 0, 0, 52), 
(910018, 20904, 0, 0, 0, 60), 
(910018, 20909, 0, 0, 0, 42), 
(910018, 20910, 0, 0, 0, 54), 
(910018, 24132, 0, 0, 0, 50), 
(910018, 24133, 0, 0, 0, 60), 
(910018, 25294, 0, 0, 0, 60), 
(910018, 25295, 0, 0, 0, 60), 
(910018, 25296, 0, 0, 0, 60), 
(910018, 27014, 0, 0, 0, 63), 
(910018, 27016, 0, 0, 0, 67), 
(910018, 27019, 0, 0, 0, 69), 
(910018, 27021, 0, 0, 0, 67), 
(910018, 27022, 0, 0, 0, 67), 
(910018, 27023, 0, 0, 0, 65), 
(910018, 27025, 0, 0, 0, 61), 
(910018, 27044, 0, 0, 0, 68), 
(910018, 27045, 0, 0, 0, 68), 
(910018, 27046, 0, 0, 0, 68), 
(910018, 27065, 0, 0, 0, 70), 
(910018, 27067, 0, 0, 0, 66), 
(910018, 27068, 0, 0, 0, 70), 
(910018, 34026, 0, 0, 0, 66), 
(910018, 34074, 0, 0, 0, 20), 
(910018, 34120, 0, 0, 0, 62), 
(910018, 34477, 0, 0, 0, 70), 
(910018, 34600, 0, 0, 0, 68), 
(910018, 36916, 0, 0, 0, 70), 
(910018, 48989, 0, 0, 0, 74), 
(910018, 48990, 0, 0, 0, 80), 
(910018, 48995, 0, 0, 0, 71), 
(910018, 48996, 0, 0, 0, 77), 
(910018, 48998, 0, 0, 0, 72), 
(910018, 48999, 0, 0, 0, 78), 
(910018, 49000, 0, 0, 0, 73), 
(910018, 49001, 0, 0, 0, 79), 
(910018, 49011, 0, 0, 0, 75), 
(910018, 49012, 0, 0, 0, 80), 
(910018, 49044, 0, 0, 0, 73), 
(910018, 49045, 0, 0, 0, 79), 
(910018, 49047, 0, 0, 0, 74), 
(910018, 49048, 0, 0, 0, 80), 
(910018, 49049, 0, 0, 0, 75), 
(910018, 49050, 0, 0, 0, 80), 
(910018, 49051, 0, 0, 0, 71), 
(910018, 49052, 0, 0, 0, 77), 
(910018, 49055, 0, 0, 0, 72), 
(910018, 49056, 0, 0, 0, 78), 
(910018, 49066, 0, 0, 0, 71), 
(910018, 49067, 0, 0, 0, 77), 
(910018, 49071, 0, 0, 0, 76), 
(910018, 53271, 0, 0, 0, 75), 
(910018, 53338, 0, 0, 0, 76), 
(910018, 53339, 0, 0, 0, 80), 
(910018, 53351, 0, 0, 0, 71), 
(910018, 56641, 0, 0, 0, 50), 
(910018, 58431, 0, 0, 0, 74), 
(910018, 58434, 0, 0, 0, 80), 
(910018, 60051, 0, 0, 0, 70), 
(910018, 60052, 0, 0, 0, 75), 
(910018, 60053, 0, 0, 0, 80), 
(910018, 60192, 0, 0, 0, 80), 
(910018, 61005, 0, 0, 0, 75), 
(910018, 61006, 0, 0, 0, 80), 
(910018, 61846, 0, 0, 0, 74), 
(910018, 61847, 0, 0, 0, 80), 
(910018, 63668, 0, 0, 0, 57), 
(910018, 63669, 0, 0, 0, 63), 
(910018, 63670, 0, 0, 0, 69), 
(910018, 63671, 0, 0, 0, 75), 
(910018, 63672, 0, 0, 0, 80), 
(910018, 883, 0, 0, 0, 10), 
(910018, 2641, 0, 0, 0, 10), 
(910018, 6991, 0, 0, 0, 10), 
(910018, 982, 0, 0, 0, 10), 
(910018, 1515, 0, 0, 0, 10), 
(910018, 10, 0, 0, 0, 20), 
(910018, 66, 0, 0, 0, 68), 
(910018, 116, 0, 0, 0, 4), 
(910018, 118, 0, 0, 0, 8), 
(910018, 120, 0, 0, 0, 26), 
(910018, 122, 0, 0, 0, 10), 
(910018, 130, 0, 0, 0, 12), 
(910018, 143, 0, 0, 0, 6), 
(910018, 145, 0, 0, 0, 12), 
(910018, 205, 0, 0, 0, 8), 
(910018, 475, 0, 0, 0, 18), 
(910018, 543, 0, 0, 0, 20), 
(910018, 587, 0, 0, 0, 6), 
(910018, 597, 0, 0, 0, 12), 
(910018, 604, 0, 0, 0, 12), 
(910018, 759, 0, 0, 0, 28), 
(910018, 837, 0, 0, 0, 14), 
(910018, 865, 0, 0, 0, 26), 
(910018, 990, 0, 0, 0, 22), 
(910018, 1008, 0, 0, 0, 18), 
(910018, 1449, 0, 0, 0, 14), 
(910018, 1459, 0, 0, 0, 0), 
(910018, 1460, 0, 0, 0, 14), 
(910018, 1461, 0, 0, 0, 28), 
(910018, 1463, 0, 0, 0, 20), 
(910018, 1953, 0, 0, 0, 20), 
(910018, 2120, 0, 0, 0, 16), 
(910018, 2121, 0, 0, 0, 24), 
(910018, 2136, 0, 0, 0, 6), 
(910018, 2137, 0, 0, 0, 14), 
(910018, 2138, 0, 0, 0, 22), 
(910018, 2139, 0, 0, 0, 24), 
(910018, 2948, 0, 0, 0, 22), 
(910018, 3140, 0, 0, 0, 18), 
(910018, 3552, 0, 0, 0, 38), 
(910018, 3561, 0, 0, 0, 20), 
(910018, 3562, 0, 0, 0, 20), 
(910018, 3565, 0, 0, 0, 30), 
(910018, 5143, 0, 0, 0, 8), 
(910018, 5144, 0, 0, 0, 16), 
(910018, 5145, 0, 0, 0, 24), 
(910018, 5504, 0, 0, 0, 4), 
(910018, 5505, 0, 0, 0, 10), 
(910018, 5506, 0, 0, 0, 20), 
(910018, 6117, 0, 0, 0, 34), 
(910018, 6127, 0, 0, 0, 30), 
(910018, 6129, 0, 0, 0, 32), 
(910018, 6131, 0, 0, 0, 40), 
(910018, 6141, 0, 0, 0, 28), 
(910018, 6143, 0, 0, 0, 22), 
(910018, 7300, 0, 0, 0, 10), 
(910018, 7301, 0, 0, 0, 20), 
(910018, 7302, 0, 0, 0, 30), 
(910018, 7320, 0, 0, 0, 40), 
(910018, 7322, 0, 0, 0, 20), 
(910018, 8400, 0, 0, 0, 24), 
(910018, 8401, 0, 0, 0, 30), 
(910018, 8402, 0, 0, 0, 36), 
(910018, 8406, 0, 0, 0, 26), 
(910018, 8407, 0, 0, 0, 32), 
(910018, 8408, 0, 0, 0, 38), 
(910018, 8412, 0, 0, 0, 30), 
(910018, 8413, 0, 0, 0, 38), 
(910018, 8416, 0, 0, 0, 32), 
(910018, 8417, 0, 0, 0, 40), 
(910018, 8422, 0, 0, 0, 32), 
(910018, 8423, 0, 0, 0, 40), 
(910018, 8427, 0, 0, 0, 36), 
(910018, 8437, 0, 0, 0, 22), 
(910018, 8438, 0, 0, 0, 30), 
(910018, 8439, 0, 0, 0, 38), 
(910018, 8444, 0, 0, 0, 28), 
(910018, 8445, 0, 0, 0, 34), 
(910018, 8446, 0, 0, 0, 40), 
(910018, 8450, 0, 0, 0, 24), 
(910018, 8451, 0, 0, 0, 36), 
(910018, 8455, 0, 0, 0, 30), 
(910018, 8457, 0, 0, 0, 30), 
(910018, 8458, 0, 0, 0, 40), 
(910018, 8461, 0, 0, 0, 32), 
(910018, 8462, 0, 0, 0, 42), 
(910018, 8492, 0, 0, 0, 34), 
(910018, 8494, 0, 0, 0, 28), 
(910018, 8495, 0, 0, 0, 36), 
(910018, 10053, 0, 0, 0, 48), 
(910018, 10054, 0, 0, 0, 58), 
(910018, 10059, 0, 0, 0, 40), 
(910018, 10138, 0, 0, 0, 40), 
(910018, 10139, 0, 0, 0, 50), 
(910018, 10144, 0, 0, 0, 42), 
(910018, 10145, 0, 0, 0, 52), 
(910018, 10148, 0, 0, 0, 42), 
(910018, 10149, 0, 0, 0, 48), 
(910018, 10150, 0, 0, 0, 54), 
(910018, 10151, 0, 0, 0, 60), 
(910018, 10156, 0, 0, 0, 42), 
(910018, 10157, 0, 0, 0, 56), 
(910018, 10159, 0, 0, 0, 42), 
(910018, 10160, 0, 0, 0, 50), 
(910018, 10161, 0, 0, 0, 58), 
(910018, 10169, 0, 0, 0, 42), 
(910018, 10170, 0, 0, 0, 54), 
(910018, 10173, 0, 0, 0, 48), 
(910018, 10174, 0, 0, 0, 60), 
(910018, 10177, 0, 0, 0, 52), 
(910018, 10179, 0, 0, 0, 44), 
(910018, 10180, 0, 0, 0, 50), 
(910018, 10181, 0, 0, 0, 56), 
(910018, 10185, 0, 0, 0, 44), 
(910018, 10186, 0, 0, 0, 52), 
(910018, 10187, 0, 0, 0, 60), 
(910018, 10191, 0, 0, 0, 44), 
(910018, 10192, 0, 0, 0, 52), 
(910018, 10193, 0, 0, 0, 60), 
(910018, 10197, 0, 0, 0, 46), 
(910018, 10199, 0, 0, 0, 54), 
(910018, 10201, 0, 0, 0, 46), 
(910018, 10202, 0, 0, 0, 54), 
(910018, 10205, 0, 0, 0, 46), 
(910018, 10206, 0, 0, 0, 52), 
(910018, 10207, 0, 0, 0, 58), 
(910018, 10211, 0, 0, 0, 48), 
(910018, 10212, 0, 0, 0, 56), 
(910018, 10215, 0, 0, 0, 48), 
(910018, 10216, 0, 0, 0, 56), 
(910018, 10219, 0, 0, 0, 50), 
(910018, 10220, 0, 0, 0, 60), 
(910018, 10223, 0, 0, 0, 50), 
(910018, 10225, 0, 0, 0, 60), 
(910018, 10230, 0, 0, 0, 54), 
(910018, 11416, 0, 0, 0, 40), 
(910018, 12051, 0, 0, 0, 20), 
(910018, 12505, 0, 0, 0, 24), 
(910018, 12522, 0, 0, 0, 30), 
(910018, 12523, 0, 0, 0, 36), 
(910018, 12524, 0, 0, 0, 42), 
(910018, 12525, 0, 0, 0, 48), 
(910018, 12526, 0, 0, 0, 54), 
(910018, 12824, 0, 0, 0, 20), 
(910018, 12825, 0, 0, 0, 40), 
(910018, 12826, 0, 0, 0, 60), 
(910018, 13018, 0, 0, 0, 36), 
(910018, 13019, 0, 0, 0, 44), 
(910018, 13020, 0, 0, 0, 52), 
(910018, 13021, 0, 0, 0, 60), 
(910018, 13031, 0, 0, 0, 46), 
(910018, 13032, 0, 0, 0, 52), 
(910018, 13033, 0, 0, 0, 58), 
(910018, 18809, 0, 0, 0, 60), 
(910018, 22782, 0, 0, 0, 46), 
(910018, 22783, 0, 0, 0, 58), 
(910018, 23028, 0, 0, 0, 56), 
(910018, 25304, 0, 0, 0, 60), 
(910018, 25306, 0, 0, 0, 62), 
(910018, 25345, 0, 0, 0, 60), 
(910018, 27070, 0, 0, 0, 66), 
(910018, 27071, 0, 0, 0, 63), 
(910018, 27072, 0, 0, 0, 69), 
(910018, 27073, 0, 0, 0, 65), 
(910018, 27074, 0, 0, 0, 70), 
(910018, 27075, 0, 0, 0, 63), 
(910018, 27078, 0, 0, 0, 61), 
(910018, 27079, 0, 0, 0, 70), 
(910018, 27080, 0, 0, 0, 62), 
(910018, 27082, 0, 0, 0, 70), 
(910018, 27085, 0, 0, 0, 68), 
(910018, 27086, 0, 0, 0, 64), 
(910018, 27087, 0, 0, 0, 65), 
(910018, 27088, 0, 0, 0, 67), 
(910018, 27090, 0, 0, 0, 70), 
(910018, 27101, 0, 0, 0, 68), 
(910018, 27124, 0, 0, 0, 69), 
(910018, 27125, 0, 0, 0, 69), 
(910018, 27126, 0, 0, 0, 70), 
(910018, 27128, 0, 0, 0, 69),
(910018, 27127, 0, 0, 0, 70), 
(910018, 27130, 0, 0, 0, 63), 
(910018, 27131, 0, 0, 0, 68), 
(910018, 27132, 0, 0, 0, 66), 
(910018, 27133, 0, 0, 0, 65), 
(910018, 27134, 0, 0, 0, 64), 
(910018, 28609, 0, 0, 0, 60), 
(910018, 28612, 0, 0, 0, 60), 
(910018, 30449, 0, 0, 0, 70), 
(910018, 30451, 0, 0, 0, 64), 
(910018, 30455, 0, 0, 0, 66), 
(910018, 30482, 0, 0, 0, 62), 
(910018, 32796, 0, 0, 0, 70), 
(910018, 33041, 0, 0, 0, 56), 
(910018, 33042, 0, 0, 0, 64), 
(910018, 33043, 0, 0, 0, 70), 
(910018, 33405, 0, 0, 0, 70), 
(910018, 33717, 0, 0, 0, 70), 
(910018, 33933, 0, 0, 0, 70), 
(910018, 33938, 0, 0, 0, 70), 
(910018, 33944, 0, 0, 0, 67), 
(910018, 33946, 0, 0, 0, 69), 
(910018, 37420, 0, 0, 0, 65), 
(910018, 38692, 0, 0, 0, 70), 
(910018, 38697, 0, 0, 0, 70), 
(910018, 38699, 0, 0, 0, 69), 
(910018, 38704, 0, 0, 0, 70), 
(910018, 42832, 0, 0, 0, 74), 
(910018, 42833, 0, 0, 0, 78), 
(910018, 42841, 0, 0, 0, 75), 
(910018, 42842, 0, 0, 0, 79), 
(910018, 42843, 0, 0, 0, 75), 
(910018, 42846, 0, 0, 0, 79), 
(910018, 42858, 0, 0, 0, 73), 
(910018, 42859, 0, 0, 0, 78), 
(910018, 42872, 0, 0, 0, 74), 
(910018, 42873, 0, 0, 0, 80), 
(910018, 42890, 0, 0, 0, 73), 
(910018, 42891, 0, 0, 0, 77), 
(910018, 42894, 0, 0, 0, 71), 
(910018, 42896, 0, 0, 0, 76), 
(910018, 42897, 0, 0, 0, 80), 
(910018, 42913, 0, 0, 0, 72), 
(910018, 42914, 0, 0, 0, 78), 
(910018, 42917, 0, 0, 0, 75), 
(910018, 42920, 0, 0, 0, 76), 
(910018, 42921, 0, 0, 0, 80), 
(910018, 42925, 0, 0, 0, 72), 
(910018, 42926, 0, 0, 0, 79), 
(910018, 42930, 0, 0, 0, 72), 
(910018, 42931, 0, 0, 0, 79), 
(910018, 42939, 0, 0, 0, 74), 
(910018, 42940, 0, 0, 0, 80), 
(910018, 42944, 0, 0, 0, 75), 
(910018, 42945, 0, 0, 0, 80), 
(910018, 42949, 0, 0, 0, 75), 
(910018, 42950, 0, 0, 0, 80), 
(910018, 42955, 0, 0, 0, 75), 
(910018, 42956, 0, 0, 0, 80), 
(910018, 42985, 0, 0, 0, 77), 
(910018, 42995, 0, 0, 0, 80), 
(910018, 43002, 0, 0, 0, 80), 
(910018, 43008, 0, 0, 0, 79), 
(910018, 43010, 0, 0, 0, 78), 
(910018, 43012, 0, 0, 0, 79), 
(910018, 43015, 0, 0, 0, 76), 
(910018, 43017, 0, 0, 0, 77), 
(910018, 43019, 0, 0, 0, 73), 
(910018, 43020, 0, 0, 0, 79), 
(910018, 43023, 0, 0, 0, 71), 
(910018, 43024, 0, 0, 0, 79), 
(910018, 43038, 0, 0, 0, 75), 
(910018, 43039, 0, 0, 0, 80), 
(910018, 43045, 0, 0, 0, 71), 
(910018, 43046, 0, 0, 0, 79), 
(910018, 43987, 0, 0, 0, 70), 
(910018, 44614, 0, 0, 0, 75), 
(910018, 44780, 0, 0, 0, 70), 
(910018, 44781, 0, 0, 0, 80), 
(910018, 45438, 0, 0, 0, 30), 
(910018, 47610, 0, 0, 0, 80), 
(910018, 55342, 0, 0, 0, 80), 
(910018, 55359, 0, 0, 0, 70), 
(910018, 55360, 0, 0, 0, 80), 
(910018, 58659, 0, 0, 0, 80), 
(910018, 10140, 0, 0, 0, 60), 
(910018, 61024, 0, 0, 0, 80), 
(910018, 28272, 0, 0, 0, 60), 
(910018, 53140, 0, 0, 0, 71), 
(910018, 17, 0, 0, 0, 6), 
(910018, 139, 0, 0, 0, 8), 
(910018, 453, 0, 0, 0, 20), 
(910018, 527, 0, 0, 0, 18), 
(910018, 528, 0, 0, 0, 14), 
(910018, 552, 0, 0, 0, 32), 
(910018, 586, 0, 0, 0, 8), 
(910018, 588, 0, 0, 0, 12), 
(910018, 589, 0, 0, 0, 4), 
(910018, 591, 0, 0, 0, 6), 
(910018, 592, 0, 0, 0, 12), 
(910018, 594, 0, 0, 0, 10), 
(910018, 596, 0, 0, 0, 30), 
(910018, 598, 0, 0, 0, 14), 
(910018, 600, 0, 0, 0, 18), 
(910018, 602, 0, 0, 0, 30), 
(910018, 605, 0, 0, 0, 30), 
(910018, 970, 0, 0, 0, 18), 
(910018, 976, 0, 0, 0, 30), 
(910018, 984, 0, 0, 0, 22), 
(910018, 988, 0, 0, 0, 36), 
(910018, 992, 0, 0, 0, 26), 
(910018, 996, 0, 0, 0, 40), 
(910018, 1004, 0, 0, 0, 30), 
(910018, 1006, 0, 0, 0, 40), 
(910018, 1243, 0, 0, 0, 0), 
(910018, 1244, 0, 0, 0, 12), 
(910018, 1245, 0, 0, 0, 24), 
(910018, 1706, 0, 0, 0, 34), 
(910018, 2006, 0, 0, 0, 10), 
(910018, 2010, 0, 0, 0, 22), 
(910018, 2052, 0, 0, 0, 4), 
(910018, 2053, 0, 0, 0, 10), 
(910018, 2054, 0, 0, 0, 16), 
(910018, 2055, 0, 0, 0, 22), 
(910018, 2060, 0, 0, 0, 40), 
(910018, 2061, 0, 0, 0, 20), 
(910018, 2096, 0, 0, 0, 22), 
(910018, 2767, 0, 0, 0, 34), 
(910018, 2791, 0, 0, 0, 36), 
(910018, 3747, 0, 0, 0, 24), 
(910018, 6060, 0, 0, 0, 38), 
(910018, 6063, 0, 0, 0, 28), 
(910018, 6064, 0, 0, 0, 34), 
(910018, 6065, 0, 0, 0, 30), 
(910018, 6066, 0, 0, 0, 36), 
(910018, 6074, 0, 0, 0, 14), 
(910018, 6075, 0, 0, 0, 20), 
(910018, 6076, 0, 0, 0, 26), 
(910018, 6077, 0, 0, 0, 32), 
(910018, 6078, 0, 0, 0, 38), 
(910018, 7128, 0, 0, 0, 20), 
(910018, 8092, 0, 0, 0, 10), 
(910018, 8102, 0, 0, 0, 16), 
(910018, 8103, 0, 0, 0, 22), 
(910018, 8104, 0, 0, 0, 28), 
(910018, 8105, 0, 0, 0, 34), 
(910018, 8106, 0, 0, 0, 40), 
(910018, 8122, 0, 0, 0, 14), 
(910018, 8124, 0, 0, 0, 28), 
(910018, 8129, 0, 0, 0, 24), 
(910018, 9472, 0, 0, 0, 26), 
(910018, 9473, 0, 0, 0, 32), 
(910018, 9474, 0, 0, 0, 38), 
(910018, 9484, 0, 0, 0, 20), 
(910018, 9485, 0, 0, 0, 40), 
(910018, 10880, 0, 0, 0, 34), 
(910018, 10881, 0, 0, 0, 46), 
(910018, 10888, 0, 0, 0, 42), 
(910018, 10890, 0, 0, 0, 56), 
(910018, 10892, 0, 0, 0, 42), 
(910018, 10893, 0, 0, 0, 50), 
(910018, 10894, 0, 0, 0, 58), 
(910018, 10898, 0, 0, 0, 42), 
(910018, 10899, 0, 0, 0, 48), 
(910018, 10900, 0, 0, 0, 54), 
(910018, 10901, 0, 0, 0, 60), 
(910018, 10909, 0, 0, 0, 44), 
(910018, 10915, 0, 0, 0, 44), 
(910018, 10916, 0, 0, 0, 50), 
(910018, 10917, 0, 0, 0, 56), 
(910018, 10927, 0, 0, 0, 44), 
(910018, 10928, 0, 0, 0, 50), 
(910018, 10929, 0, 0, 0, 56), 
(910018, 10933, 0, 0, 0, 46), 
(910018, 10934, 0, 0, 0, 54), 
(910018, 10937, 0, 0, 0, 48), 
(910018, 10938, 0, 0, 0, 60), 
(910018, 10945, 0, 0, 0, 46), 
(910018, 10946, 0, 0, 0, 52), 
(910018, 10947, 0, 0, 0, 58), 
(910018, 10951, 0, 0, 0, 50), 
(910018, 10952, 0, 0, 0, 60), 
(910018, 10955, 0, 0, 0, 60), 
(910018, 10957, 0, 0, 0, 42), 
(910018, 10958, 0, 0, 0, 56), 
(910018, 10960, 0, 0, 0, 50), 
(910018, 10961, 0, 0, 0, 60), 
(910018, 10963, 0, 0, 0, 46), 
(910018, 10964, 0, 0, 0, 52), 
(910018, 10965, 0, 0, 0, 58), 
(910018, 14752, 0, 0, 0, 30), 
(910018, 14818, 0, 0, 0, 40), 
(910018, 14819, 0, 0, 0, 50), 
(910018, 14914, 0, 0, 0, 20), 
(910018, 15237, 0, 0, 0, 20), 
(910018, 15261, 0, 0, 0, 60), 
(910018, 15262, 0, 0, 0, 24), 
(910018, 15263, 0, 0, 0, 30), 
(910018, 15264, 0, 0, 0, 36), 
(910018, 15265, 0, 0, 0, 42), 
(910018, 15266, 0, 0, 0, 48), 
(910018, 15267, 0, 0, 0, 54), 
(910018, 15430, 0, 0, 0, 28), 
(910018, 15431, 0, 0, 0, 36), 
(910018, 17311, 0, 0, 0, 28), 
(910018, 17312, 0, 0, 0, 36), 
(910018, 17313, 0, 0, 0, 44), 
(910018, 17314, 0, 0, 0, 52), 
(910018, 18807, 0, 0, 0, 60), 
(910018, 19238, 0, 0, 0, 26), 
(910018, 19240, 0, 0, 0, 34), 
(910018, 19241, 0, 0, 0, 42), 
(910018, 19242, 0, 0, 0, 50), 
(910018, 19243, 0, 0, 0, 58), 
(910018, 19276, 0, 0, 0, 28), 
(910018, 19277, 0, 0, 0, 36), 
(910018, 19278, 0, 0, 0, 44), 
(910018, 19279, 0, 0, 0, 52), 
(910018, 19280, 0, 0, 0, 60), 
(910018, 20770, 0, 0, 0, 58), 
(910018, 21562, 0, 0, 0, 48), 
(910018, 21564, 0, 0, 0, 60), 
(910018, 25210, 0, 0, 0, 63), 
(910018, 25213, 0, 0, 0, 68), 
(910018, 25217, 0, 0, 0, 65), 
(910018, 25218, 0, 0, 0, 70), 
(910018, 25221, 0, 0, 0, 65), 
(910018, 25222, 0, 0, 0, 70), 
(910018, 25233, 0, 0, 0, 61), 
(910018, 25235, 0, 0, 0, 67), 
(910018, 25308, 0, 0, 0, 68), 
(910018, 25312, 0, 0, 0, 70), 
(910018, 25314, 0, 0, 0, 60), 
(910018, 25315, 0, 0, 0, 60), 
(910018, 25316, 0, 0, 0, 60), 
(910018, 25331, 0, 0, 0, 68), 
(910018, 25363, 0, 0, 0, 61), 
(910018, 25364, 0, 0, 0, 69), 
(910018, 25367, 0, 0, 0, 65), 
(910018, 25368, 0, 0, 0, 70), 
(910018, 25372, 0, 0, 0, 63), 
(910018, 25375, 0, 0, 0, 69), 
(910018, 25384, 0, 0, 0, 66), 
(910018, 25387, 0, 0, 0, 68), 
(910018, 25389, 0, 0, 0, 70), 
(910018, 25392, 0, 0, 0, 70), 
(910018, 25431, 0, 0, 0, 69), 
(910018, 25433, 0, 0, 0, 68), 
(910018, 25435, 0, 0, 0, 68), 
(910018, 25437, 0, 0, 0, 66), 
(910018, 25467, 0, 0, 0, 68), 
(910018, 27681, 0, 0, 0, 60), 
(910018, 27683, 0, 0, 0, 56), 
(910018, 27799, 0, 0, 0, 44), 
(910018, 27800, 0, 0, 0, 52), 
(910018, 27801, 0, 0, 0, 60), 
(910018, 27841, 0, 0, 0, 60), 
(910018, 27870, 0, 0, 0, 50), 
(910018, 27871, 0, 0, 0, 60), 
(910018, 28275, 0, 0, 0, 70), 
(910018, 32375, 0, 0, 0, 70), 
(910018, 32379, 0, 0, 0, 62), 
(910018, 32546, 0, 0, 0, 64), 
(910018, 32996, 0, 0, 0, 70), 
(910018, 32999, 0, 0, 0, 70), 
(910018, 33076, 0, 0, 0, 68), 
(910018, 34433, 0, 0, 0, 66), 
(910018, 34863, 0, 0, 0, 56), 
(910018, 34864, 0, 0, 0, 60), 
(910018, 34865, 0, 0, 0, 65), 
(910018, 34866, 0, 0, 0, 70), 
(910018, 34916, 0, 0, 0, 60), 
(910018, 34917, 0, 0, 0, 70), 
(910018, 39374, 0, 0, 0, 70), 
(910018, 48040, 0, 0, 0, 71), 
(910018, 48045, 0, 0, 0, 75), 
(910018, 48062, 0, 0, 0, 73), 
(910018, 48063, 0, 0, 0, 78), 
(910018, 48065, 0, 0, 0, 75), 
(910018, 48066, 0, 0, 0, 80), 
(910018, 48067, 0, 0, 0, 75), 
(910018, 48068, 0, 0, 0, 80), 
(910018, 48070, 0, 0, 0, 73), 
(910018, 48071, 0, 0, 0, 79), 
(910018, 48072, 0, 0, 0, 76), 
(910018, 48073, 0, 0, 0, 80), 
(910018, 48074, 0, 0, 0, 80), 
(910018, 48077, 0, 0, 0, 75), 
(910018, 48078, 0, 0, 0, 80), 
(910018, 48086, 0, 0, 0, 75), 
(910018, 48087, 0, 0, 0, 80), 
(910018, 48088, 0, 0, 0, 75), 
(910018, 48089, 0, 0, 0, 80), 
(910018, 48112, 0, 0, 0, 74), 
(910018, 48113, 0, 0, 0, 79), 
(910018, 48119, 0, 0, 0, 72), 
(910018, 48120, 0, 0, 0, 78), 
(910018, 48122, 0, 0, 0, 74), 
(910018, 48123, 0, 0, 0, 79), 
(910018, 48124, 0, 0, 0, 75), 
(910018, 48125, 0, 0, 0, 80), 
(910018, 48126, 0, 0, 0, 74), 
(910018, 48127, 0, 0, 0, 79), 
(910018, 48134, 0, 0, 0, 72), 
(910018, 48135, 0, 0, 0, 78), 
(910018, 48155, 0, 0, 0, 74), 
(910018, 48156, 0, 0, 0, 80), 
(910018, 48157, 0, 0, 0, 75), 
(910018, 48158, 0, 0, 0, 80), 
(910018, 48159, 0, 0, 0, 75), 
(910018, 48160, 0, 0, 0, 80), 
(910018, 48161, 0, 0, 0, 80), 
(910018, 48162, 0, 0, 0, 80), 
(910018, 48168, 0, 0, 0, 77), 
(910018, 48169, 0, 0, 0, 76), 
(910018, 48170, 0, 0, 0, 77), 
(910018, 48171, 0, 0, 0, 78), 
(910018, 48172, 0, 0, 0, 73), 
(910018, 48173, 0, 0, 0, 80), 
(910018, 48299, 0, 0, 0, 73), 
(910018, 48300, 0, 0, 0, 79), 
(910018, 53005, 0, 0, 0, 70), 
(910018, 53006, 0, 0, 0, 75), 
(910018, 53007, 0, 0, 0, 80), 
(910018, 53023, 0, 0, 0, 80), 
(910018, 64843, 0, 0, 0, 80), 
(910018, 64901, 0, 0, 0, 60), 
(910018, 6346, 0, 0, 0, 20), 
(910018, 2944, 0, 0, 0, 20), 
(910018, 131, 0, 0, 0, 22), 
(910018, 324, 0, 0, 0, 8), 
(910018, 325, 0, 0, 0, 16), 
(910018, 332, 0, 0, 0, 6), 
(910018, 370, 0, 0, 0, 12), 
(910018, 421, 0, 0, 0, 32), 
(910018, 526, 0, 0, 0, 16), 
(910018, 529, 0, 0, 0, 8), 
(910018, 546, 0, 0, 0, 28), 
(910018, 547, 0, 0, 0, 12), 
(910018, 548, 0, 0, 0, 14), 
(910018, 556, 0, 0, 0, 30), 
(910018, 905, 0, 0, 0, 24), 
(910018, 913, 0, 0, 0, 18), 
(910018, 915, 0, 0, 0, 20), 
(910018, 930, 0, 0, 0, 40), 
(910018, 939, 0, 0, 0, 24), 
(910018, 943, 0, 0, 0, 26), 
(910018, 945, 0, 0, 0, 32), 
(910018, 959, 0, 0, 0, 32), 
(910018, 1064, 0, 0, 0, 40), 
(910018, 1535, 0, 0, 0, 12), 
(910018, 2008, 0, 0, 0, 12), 
(910018, 2062, 0, 0, 0, 66), 
(910018, 2484, 0, 0, 0, 6), 
(910018, 2645, 0, 0, 0, 16), 
(910018, 2825, 0, 0, 0, 70), 
(910018, 2860, 0, 0, 0, 48), 
(910018, 2894, 0, 0, 0, 68), 
(910018, 3738, 0, 0, 0, 64), 
(910018, 5675, 0, 0, 0, 26), 
(910018, 5730, 0, 0, 0, 8), 
(910018, 6041, 0, 0, 0, 32), 
(910018, 6196, 0, 0, 0, 26), 
(910018, 6363, 0, 0, 0, 20), 
(910018, 6364, 0, 0, 0, 30), 
(910018, 6365, 0, 0, 0, 40), 
(910018, 6375, 0, 0, 0, 30), 
(910018, 6377, 0, 0, 0, 40), 
(910018, 6390, 0, 0, 0, 18), 
(910018, 6391, 0, 0, 0, 28), 
(910018, 6392, 0, 0, 0, 38), 
(910018, 6495, 0, 0, 0, 34), 
(910018, 8004, 0, 0, 0, 20), 
(910018, 8005, 0, 0, 0, 40), 
(910018, 8008, 0, 0, 0, 28), 
(910018, 8010, 0, 0, 0, 36), 
(910018, 8012, 0, 0, 0, 32), 
(910018, 8017, 0, 0, 0, 0), 
(910018, 8018, 0, 0, 0, 8), 
(910018, 8019, 0, 0, 0, 16), 
(910018, 8024, 0, 0, 0, 10), 
(910018, 8027, 0, 0, 0, 18), 
(910018, 8030, 0, 0, 0, 26), 
(910018, 8033, 0, 0, 0, 20), 
(910018, 8038, 0, 0, 0, 28), 
(910018, 8042, 0, 0, 0, 4), 
(910018, 8044, 0, 0, 0, 8), 
(910018, 8045, 0, 0, 0, 14), 
(910018, 8046, 0, 0, 0, 24), 
(910018, 8050, 0, 0, 0, 10), 
(910018, 8052, 0, 0, 0, 18), 
(910018, 8053, 0, 0, 0, 28), 
(910018, 8056, 0, 0, 0, 20), 
(910018, 8058, 0, 0, 0, 34), 
(910018, 8075, 0, 0, 0, 10), 
(910018, 8134, 0, 0, 0, 40), 
(910018, 8143, 0, 0, 0, 18), 
(910018, 8154, 0, 0, 0, 14), 
(910018, 8155, 0, 0, 0, 24), 
(910018, 8160, 0, 0, 0, 24), 
(910018, 8161, 0, 0, 0, 38), 
(910018, 8170, 0, 0, 0, 38), 
(910018, 8177, 0, 0, 0, 30), 
(910018, 8181, 0, 0, 0, 24), 
(910018, 8184, 0, 0, 0, 28), 
(910018, 8190, 0, 0, 0, 26), 
(910018, 8227, 0, 0, 0, 28), 
(910018, 8232, 0, 0, 0, 30), 
(910018, 8235, 0, 0, 0, 40), 
(910018, 8249, 0, 0, 0, 38), 
(910018, 8498, 0, 0, 0, 22), 
(910018, 8499, 0, 0, 0, 32), 
(910018, 8512, 0, 0, 0, 32), 
(910018, 8737, 0, 0, 0, 40), 
(910018, 10391, 0, 0, 0, 38), 
(910018, 10392, 0, 0, 0, 44), 
(910018, 10395, 0, 0, 0, 48), 
(910018, 10396, 0, 0, 0, 56), 
(910018, 10399, 0, 0, 0, 24), 
(910018, 10406, 0, 0, 0, 34), 
(910018, 10407, 0, 0, 0, 44), 
(910018, 10408, 0, 0, 0, 54), 
(910018, 10412, 0, 0, 0, 36), 
(910018, 10413, 0, 0, 0, 48), 
(910018, 10414, 0, 0, 0, 60), 
(910018, 10427, 0, 0, 0, 48), 
(910018, 10428, 0, 0, 0, 58), 
(910018, 10431, 0, 0, 0, 48), 
(910018, 10432, 0, 0, 0, 56), 
(910018, 10437, 0, 0, 0, 50), 
(910018, 10438, 0, 0, 0, 60), 
(910018, 10442, 0, 0, 0, 52), 
(910018, 10447, 0, 0, 0, 40), 
(910018, 10448, 0, 0, 0, 52), 
(910018, 10456, 0, 0, 0, 38), 
(910018, 10462, 0, 0, 0, 50), 
(910018, 10463, 0, 0, 0, 60), 
(910018, 10466, 0, 0, 0, 44), 
(910018, 10467, 0, 0, 0, 52), 
(910018, 10468, 0, 0, 0, 60), 
(910018, 10472, 0, 0, 0, 46), 
(910018, 10473, 0, 0, 0, 58), 
(910018, 10478, 0, 0, 0, 38), 
(910018, 10479, 0, 0, 0, 54), 
(910018, 10486, 0, 0, 0, 50), 
(910018, 10495, 0, 0, 0, 36), 
(910018, 10496, 0, 0, 0, 46), 
(910018, 10497, 0, 0, 0, 56), 
(910018, 10526, 0, 0, 0, 48), 
(910018, 10537, 0, 0, 0, 42), 
(910018, 10538, 0, 0, 0, 58), 
(910018, 10585, 0, 0, 0, 36), 
(910018, 10586, 0, 0, 0, 46), 
(910018, 10587, 0, 0, 0, 56), 
(910018, 10595, 0, 0, 0, 30), 
(910018, 10600, 0, 0, 0, 44), 
(910018, 10601, 0, 0, 0, 60), 
(910018, 10605, 0, 0, 0, 56), 
(910018, 10622, 0, 0, 0, 46), 
(910018, 10623, 0, 0, 0, 54), 
(910018, 11314, 0, 0, 0, 42), 
(910018, 11315, 0, 0, 0, 52), 
(910018, 15207, 0, 0, 0, 50), 
(910018, 15208, 0, 0, 0, 56), 
(910018, 16339, 0, 0, 0, 36), 
(910018, 16341, 0, 0, 0, 46), 
(910018, 16342, 0, 0, 0, 56), 
(910018, 16355, 0, 0, 0, 48), 
(910018, 16356, 0, 0, 0, 58), 
(910018, 16362, 0, 0, 0, 60), 
(910018, 16387, 0, 0, 0, 58), 
(910018, 20608, 0, 0, 0, 30), 
(910018, 20609, 0, 0, 0, 24), 
(910018, 20610, 0, 0, 0, 36), 
(910018, 20776, 0, 0, 0, 48), 
(910018, 20777, 0, 0, 0, 60), 
(910018, 24398, 0, 0, 0, 62), 
(910018, 25357, 0, 0, 0, 60), 
(910018, 25361, 0, 0, 0, 60), 
(910018, 25391, 0, 0, 0, 63), 
(910018, 25396, 0, 0, 0, 70), 
(910018, 25420, 0, 0, 0, 66), 
(910018, 25422, 0, 0, 0, 61), 
(910018, 25423, 0, 0, 0, 68), 
(910018, 25439, 0, 0, 0, 63), 
(910018, 25442, 0, 0, 0, 70), 
(910018, 25448, 0, 0, 0, 62), 
(910018, 25449, 0, 0, 0, 67), 
(910018, 25454, 0, 0, 0, 69), 
(910018, 25457, 0, 0, 0, 70), 
(910018, 25464, 0, 0, 0, 68), 
(910018, 25469, 0, 0, 0, 63), 
(910018, 25472, 0, 0, 0, 70), 
(910018, 25489, 0, 0, 0, 64), 
(910018, 25500, 0, 0, 0, 66), 
(910018, 25505, 0, 0, 0, 68), 
(910018, 25508, 0, 0, 0, 63), 
(910018, 25509, 0, 0, 0, 70), 
(910018, 25525, 0, 0, 0, 67), 
(910018, 25528, 0, 0, 0, 65), 
(910018, 25533, 0, 0, 0, 69), 
(910018, 25546, 0, 0, 0, 61), 
(910018, 25547, 0, 0, 0, 70), 
(910018, 25552, 0, 0, 0, 65), 
(910018, 25557, 0, 0, 0, 67), 
(910018, 25560, 0, 0, 0, 67), 
(910018, 25563, 0, 0, 0, 68), 
(910018, 25567, 0, 0, 0, 69), 
(910018, 25570, 0, 0, 0, 65), 
(910018, 25574, 0, 0, 0, 69), 
(910018, 25590, 0, 0, 0, 69), 
(910018, 29228, 0, 0, 0, 60), 
(910018, 32593, 0, 0, 0, 60), 
(910018, 32594, 0, 0, 0, 70), 
(910018, 33736, 0, 0, 0, 69), 
(910018, 36936, 0, 0, 0, 30), 
(910018, 49230, 0, 0, 0, 74), 
(910018, 49231, 0, 0, 0, 79), 
(910018, 49232, 0, 0, 0, 75), 
(910018, 49233, 0, 0, 0, 80), 
(910018, 49235, 0, 0, 0, 73), 
(910018, 49236, 0, 0, 0, 78), 
(910018, 49237, 0, 0, 0, 73), 
(910018, 49238, 0, 0, 0, 79), 
(910018, 49270, 0, 0, 0, 74), 
(910018, 49271, 0, 0, 0, 80), 
(910018, 49272, 0, 0, 0, 75), 
(910018, 49273, 0, 0, 0, 80), 
(910018, 49275, 0, 0, 0, 72), 
(910018, 49276, 0, 0, 0, 77), 
(910018, 49277, 0, 0, 0, 80), 
(910018, 49280, 0, 0, 0, 75), 
(910018, 49281, 0, 0, 0, 80), 
(910018, 49283, 0, 0, 0, 75), 
(910018, 49284, 0, 0, 0, 80), 
(910018, 51505, 0, 0, 0, 75), 
(910018, 51514, 0, 0, 0, 80), 
(910018, 51730, 0, 0, 0, 30), 
(910018, 51988, 0, 0, 0, 40), 
(910018, 51991, 0, 0, 0, 50), 
(910018, 51992, 0, 0, 0, 60), 
(910018, 51993, 0, 0, 0, 70), 
(910018, 51994, 0, 0, 0, 80), 
(910018, 52127, 0, 0, 0, 20), 
(910018, 52129, 0, 0, 0, 28), 
(910018, 52131, 0, 0, 0, 34), 
(910018, 52134, 0, 0, 0, 41), 
(910018, 52136, 0, 0, 0, 48), 
(910018, 52138, 0, 0, 0, 55), 
(910018, 55458, 0, 0, 0, 74), 
(910018, 55459, 0, 0, 0, 80), 
(910018, 57622, 0, 0, 0, 75), 
(910018, 57720, 0, 0, 0, 60), 
(910018, 57721, 0, 0, 0, 70), 
(910018, 57722, 0, 0, 0, 80), 
(910018, 57960, 0, 0, 0, 76), 
(910018, 57994, 0, 0, 0, 16), 
(910018, 58580, 0, 0, 0, 71), 
(910018, 58581, 0, 0, 0, 75), 
(910018, 58582, 0, 0, 0, 78), 
(910018, 58643, 0, 0, 0, 80), 
(910018, 58649, 0, 0, 0, 71), 
(910018, 58652, 0, 0, 0, 75), 
(910018, 58656, 0, 0, 0, 80), 
(910018, 58699, 0, 0, 0, 71), 
(910018, 58703, 0, 0, 0, 75), 
(910018, 58704, 0, 0, 0, 80), 
(910018, 58731, 0, 0, 0, 73), 
(910018, 58734, 0, 0, 0, 78), 
(910018, 58737, 0, 0, 0, 75), 
(910018, 58739, 0, 0, 0, 80), 
(910018, 58741, 0, 0, 0, 75), 
(910018, 58745, 0, 0, 0, 80), 
(910018, 58746, 0, 0, 0, 75), 
(910018, 58749, 0, 0, 0, 80), 
(910018, 58751, 0, 0, 0, 73), 
(910018, 58753, 0, 0, 0, 78), 
(910018, 58755, 0, 0, 0, 71), 
(910018, 58756, 0, 0, 0, 76), 
(910018, 58757, 0, 0, 0, 80), 
(910018, 58771, 0, 0, 0, 71), 
(910018, 58773, 0, 0, 0, 76), 
(910018, 58774, 0, 0, 0, 80), 
(910018, 58785, 0, 0, 0, 71), 
(910018, 58789, 0, 0, 0, 76), 
(910018, 58790, 0, 0, 0, 80), 
(910018, 58794, 0, 0, 0, 71), 
(910018, 58795, 0, 0, 0, 76), 
(910018, 58796, 0, 0, 0, 80), 
(910018, 58801, 0, 0, 0, 71), 
(910018, 58803, 0, 0, 0, 76), 
(910018, 58804, 0, 0, 0, 80), 
(910018, 59156, 0, 0, 0, 70), 
(910018, 59158, 0, 0, 0, 75), 
(910018, 59159, 0, 0, 0, 80), 
(910018, 60043, 0, 0, 0, 80), 
(910018, 61299, 0, 0, 0, 70), 
(910018, 61300, 0, 0, 0, 75), 
(910018, 61301, 0, 0, 0, 80), 
(910018, 61649, 0, 0, 0, 75), 
(910018, 61657, 0, 0, 0, 80), 
(910018, 66842, 0, 0, 0, 30), 
(910018, 66843, 0, 0, 0, 40), 
(910018, 66844, 0, 0, 0, 50), 
(910018, 3599, 0, 0, 0, 10), 
(910018, 8071, 0, 0, 0, 4), 
(910018, 5394, 0, 0, 0, 20), 
(910018, 32182, 0, 0, 0, 70), 
(910018, 126, 0, 0, 0, 22), 
(910018, 132, 0, 0, 0, 26), 
(910018, 172, 0, 0, 0, 4), 
(910018, 348, 0, 0, 0, 0), 
(910018, 603, 0, 0, 0, 60), 
(910018, 689, 0, 0, 0, 14), 
(910018, 693, 0, 0, 0, 18), 
(910018, 695, 0, 0, 0, 6), 
(910018, 696, 0, 0, 0, 10), 
(910018, 698, 0, 0, 0, 20), 
(910018, 699, 0, 0, 0, 22), 
(910018, 702, 0, 0, 0, 4), 
(910018, 705, 0, 0, 0, 12), 
(910018, 706, 0, 0, 0, 20), 
(910018, 707, 0, 0, 0, 10), 
(910018, 709, 0, 0, 0, 30), 
(910018, 710, 0, 0, 0, 28), 
(910018, 755, 0, 0, 0, 12), 
(910018, 980, 0, 0, 0, 8), 
(910018, 1014, 0, 0, 0, 18), 
(910018, 1086, 0, 0, 0, 30), 
(910018, 1088, 0, 0, 0, 20), 
(910018, 1094, 0, 0, 0, 20), 
(910018, 1098, 0, 0, 0, 30), 
(910018, 1106, 0, 0, 0, 28), 
(910018, 1108, 0, 0, 0, 12), 
(910018, 1120, 0, 0, 0, 10), 
(910018, 1454, 0, 0, 0, 6), 
(910018, 1455, 0, 0, 0, 16), 
(910018, 1456, 0, 0, 0, 26), 
(910018, 1490, 0, 0, 0, 32), 
(910018, 1710, 0, 0, 0, 20), 
(910018, 1949, 0, 0, 0, 30), 
(910018, 2362, 0, 0, 0, 36), 
(910018, 2941, 0, 0, 0, 30), 
(910018, 3698, 0, 0, 0, 20), 
(910018, 3699, 0, 0, 0, 28), 
(910018, 3700, 0, 0, 0, 36), 
(910018, 5138, 0, 0, 0, 24), 
(910018, 5484, 0, 0, 0, 40), 
(910018, 5500, 0, 0, 0, 24), 
(910018, 5676, 0, 0, 0, 18), 
(910018, 5697, 0, 0, 0, 16), 
(910018, 5699, 0, 0, 0, 34), 
(910018, 5740, 0, 0, 0, 20), 
(910018, 5782, 0, 0, 0, 8), 
(910018, 6201, 0, 0, 0, 10), 
(910018, 6202, 0, 0, 0, 22), 
(910018, 6205, 0, 0, 0, 22), 
(910018, 6213, 0, 0, 0, 32), 
(910018, 6215, 0, 0, 0, 56), 
(910018, 6217, 0, 0, 0, 28), 
(910018, 6219, 0, 0, 0, 34), 
(910018, 6222, 0, 0, 0, 14), 
(910018, 6223, 0, 0, 0, 24), 
(910018, 6229, 0, 0, 0, 32), 
(910018, 6353, 0, 0, 0, 48), 
(910018, 6366, 0, 0, 0, 28), 
(910018, 6789, 0, 0, 0, 42), 
(910018, 7641, 0, 0, 0, 36), 
(910018, 7646, 0, 0, 0, 32), 
(910018, 7648, 0, 0, 0, 34), 
(910018, 7651, 0, 0, 0, 38), 
(910018, 8288, 0, 0, 0, 24), 
(910018, 8289, 0, 0, 0, 38), 
(910018, 11659, 0, 0, 0, 44), 
(910018, 11660, 0, 0, 0, 52), 
(910018, 11661, 0, 0, 0, 60), 
(910018, 11665, 0, 0, 0, 40), 
(910018, 11667, 0, 0, 0, 50), 
(910018, 11668, 0, 0, 0, 60), 
(910018, 11671, 0, 0, 0, 44), 
(910018, 11672, 0, 0, 0, 54), 
(910018, 11675, 0, 0, 0, 52), 
(910018, 11677, 0, 0, 0, 46), 
(910018, 11678, 0, 0, 0, 58), 
(910018, 11683, 0, 0, 0, 42), 
(910018, 11684, 0, 0, 0, 54), 
(910018, 11687, 0, 0, 0, 36), 
(910018, 11688, 0, 0, 0, 46), 
(910018, 11689, 0, 0, 0, 56), 
(910018, 11693, 0, 0, 0, 44), 
(910018, 11694, 0, 0, 0, 52), 
(910018, 11695, 0, 0, 0, 60), 
(910018, 11699, 0, 0, 0, 46), 
(910018, 11700, 0, 0, 0, 54), 
(910018, 11707, 0, 0, 0, 42), 
(910018, 11708, 0, 0, 0, 52), 
(910018, 11711, 0, 0, 0, 38), 
(910018, 11712, 0, 0, 0, 48), 
(910018, 11713, 0, 0, 0, 58), 
(910018, 11719, 0, 0, 0, 50), 
(910018, 11721, 0, 0, 0, 46), 
(910018, 11722, 0, 0, 0, 60), 
(910018, 11725, 0, 0, 0, 44), 
(910018, 11726, 0, 0, 0, 58), 
(910018, 11729, 0, 0, 0, 46), 
(910018, 11730, 0, 0, 0, 58), 
(910018, 11733, 0, 0, 0, 40), 
(910018, 11734, 0, 0, 0, 50), 
(910018, 11735, 0, 0, 0, 60), 
(910018, 11739, 0, 0, 0, 42), 
(910018, 11740, 0, 0, 0, 52), 
(910018, 17727, 0, 0, 0, 48), 
(910018, 17728, 0, 0, 0, 60), 
(910018, 17919, 0, 0, 0, 26), 
(910018, 17920, 0, 0, 0, 34), 
(910018, 17921, 0, 0, 0, 42), 
(910018, 17922, 0, 0, 0, 50), 
(910018, 17923, 0, 0, 0, 58), 
(910018, 17924, 0, 0, 0, 56), 
(910018, 17925, 0, 0, 0, 50), 
(910018, 17926, 0, 0, 0, 58), 
(910018, 17928, 0, 0, 0, 54), 
(910018, 17951, 0, 0, 0, 36), 
(910018, 17952, 0, 0, 0, 46), 
(910018, 17953, 0, 0, 0, 56), 
(910018, 18647, 0, 0, 0, 48), 
(910018, 18867, 0, 0, 0, 24), 
(910018, 18868, 0, 0, 0, 32), 
(910018, 18869, 0, 0, 0, 40), 
(910018, 18870, 0, 0, 0, 48), 
(910018, 18871, 0, 0, 0, 56), 
(910018, 18937, 0, 0, 0, 50), 
(910018, 18938, 0, 0, 0, 60), 
(910018, 20752, 0, 0, 0, 30), 
(910018, 20755, 0, 0, 0, 40), 
(910018, 20756, 0, 0, 0, 50), 
(910018, 20757, 0, 0, 0, 60), 
(910018, 25307, 0, 0, 0, 62), 
(910018, 25309, 0, 0, 0, 60), 
(910018, 25311, 0, 0, 0, 60), 
(910018, 27209, 0, 0, 0, 69), 
(910018, 27210, 0, 0, 0, 65), 
(910018, 27211, 0, 0, 0, 64), 
(910018, 27212, 0, 0, 0, 69), 
(910018, 27213, 0, 0, 0, 68), 
(910018, 27215, 0, 0, 0, 69), 
(910018, 27216, 0, 0, 0, 65), 
(910018, 27217, 0, 0, 0, 67), 
(910018, 27218, 0, 0, 0, 67), 
(910018, 27219, 0, 0, 0, 62), 
(910018, 27220, 0, 0, 0, 69), 
(910018, 27222, 0, 0, 0, 68), 
(910018, 27223, 0, 0, 0, 68), 
(910018, 27224, 0, 0, 0, 61), 
(910018, 27228, 0, 0, 0, 69), 
(910018, 27230, 0, 0, 0, 68), 
(910018, 27238, 0, 0, 0, 70), 
(910018, 27243, 0, 0, 0, 70), 
(910018, 27250, 0, 0, 0, 66), 
(910018, 27259, 0, 0, 0, 67), 
(910018, 27260, 0, 0, 0, 70), 
(910018, 27263, 0, 0, 0, 63), 
(910018, 27265, 0, 0, 0, 70), 
(910018, 28172, 0, 0, 0, 66), 
(910018, 28176, 0, 0, 0, 62), 
(910018, 28189, 0, 0, 0, 69), 
(910018, 28610, 0, 0, 0, 60), 
(910018, 29722, 0, 0, 0, 64), 
(910018, 29858, 0, 0, 0, 66), 
(910018, 29893, 0, 0, 0, 68), 
(910018, 30404, 0, 0, 0, 60), 
(910018, 30405, 0, 0, 0, 70), 
(910018, 30413, 0, 0, 0, 60), 
(910018, 30414, 0, 0, 0, 70), 
(910018, 30459, 0, 0, 0, 70), 
(910018, 30545, 0, 0, 0, 70), 
(910018, 30546, 0, 0, 0, 70), 
(910018, 30909, 0, 0, 0, 69), 
(910018, 30910, 0, 0, 0, 70), 
(910018, 32231, 0, 0, 0, 70), 
(910018, 47793, 0, 0, 0, 76), 
(910018, 47808, 0, 0, 0, 74), 
(910018, 47809, 0, 0, 0, 79), 
(910018, 47810, 0, 0, 0, 75), 
(910018, 47811, 0, 0, 0, 80), 
(910018, 47812, 0, 0, 0, 71), 
(910018, 47813, 0, 0, 0, 77), 
(910018, 47814, 0, 0, 0, 74), 
(910018, 47815, 0, 0, 0, 79), 
(910018, 47819, 0, 0, 0, 72), 
(910018, 47820, 0, 0, 0, 79), 
(910018, 47823, 0, 0, 0, 78), 
(910018, 47824, 0, 0, 0, 75), 
(910018, 47825, 0, 0, 0, 80), 
(910018, 47826, 0, 0, 0, 75), 
(910018, 47827, 0, 0, 0, 80), 
(910018, 47835, 0, 0, 0, 75), 
(910018, 47836, 0, 0, 0, 80), 
(910018, 47837, 0, 0, 0, 74), 
(910018, 47838, 0, 0, 0, 80), 
(910018, 47841, 0, 0, 0, 75), 
(910018, 47843, 0, 0, 0, 80), 
(910018, 47846, 0, 0, 0, 75), 
(910018, 47847, 0, 0, 0, 80), 
(910018, 47855, 0, 0, 0, 77), 
(910018, 47856, 0, 0, 0, 76), 
(910018, 47857, 0, 0, 0, 78), 
(910018, 47859, 0, 0, 0, 73), 
(910018, 47860, 0, 0, 0, 78), 
(910018, 47863, 0, 0, 0, 73), 
(910018, 47864, 0, 0, 0, 79), 
(910018, 47865, 0, 0, 0, 78), 
(910018, 47867, 0, 0, 0, 80), 
(910018, 47871, 0, 0, 0, 73), 
(910018, 47878, 0, 0, 0, 79), 
(910018, 47884, 0, 0, 0, 76), 
(910018, 47886, 0, 0, 0, 72), 
(910018, 47888, 0, 0, 0, 78), 
(910018, 47889, 0, 0, 0, 80), 
(910018, 47890, 0, 0, 0, 72), 
(910018, 47891, 0, 0, 0, 78), 
(910018, 47892, 0, 0, 0, 74), 
(910018, 47893, 0, 0, 0, 79), 
(910018, 47897, 0, 0, 0, 75), 
(910018, 48018, 0, 0, 0, 80), 
(910018, 48020, 0, 0, 0, 80), 
(910018, 50511, 0, 0, 0, 71), 
(910018, 57946, 0, 0, 0, 80), 
(910018, 58887, 0, 0, 0, 80), 
(910018, 59092, 0, 0, 0, 80), 
(910018, 59161, 0, 0, 0, 70), 
(910018, 59163, 0, 0, 0, 75), 
(910018, 59164, 0, 0, 0, 80), 
(910018, 59170, 0, 0, 0, 70), 
(910018, 59171, 0, 0, 0, 75), 
(910018, 59172, 0, 0, 0, 80), 
(910018, 60219, 0, 0, 0, 74), 
(910018, 60220, 0, 0, 0, 80), 
(910018, 61191, 0, 0, 0, 72), 
(910018, 61290, 0, 0, 0, 80), 
(910018, 688, 0, 0, 0, 1), 
(910018, 691, 0, 0, 0, 30), 
(910018, 697, 0, 0, 0, 10), 
(910018, 712, 0, 0, 0, 20), 
(910018, 1122, 0, 0, 0, 50), 
(910018, 5784, 0, 0, 0, 20), 
(910018, 18540, 0, 0, 0, 60), 
(910018, 23161, 0, 0, 0, 40), 
(910018, 72, 0, 0, 0, 12), 
(910018, 100, 0, 0, 0, 4), 
(910018, 284, 0, 0, 0, 8), 
(910018, 285, 0, 0, 0, 16), 
(910018, 469, 0, 0, 0, 68), 
(910018, 676, 0, 0, 0, 18), 
(910018, 694, 0, 0, 0, 16), 
(910018, 772, 0, 0, 0, 4), 
(910018, 845, 0, 0, 0, 20), 
(910018, 871, 0, 0, 0, 28), 
(910018, 1160, 0, 0, 0, 14), 
(910018, 1161, 0, 0, 0, 26), 
(910018, 1464, 0, 0, 0, 30), 
(910018, 1608, 0, 0, 0, 24), 
(910018, 1671, 0, 0, 0, 32), 
(910018, 1672, 0, 0, 0, 52), 
(910018, 1680, 0, 0, 0, 36), 
(910018, 1715, 0, 0, 0, 8), 
(910018, 1719, 0, 0, 0, 50), 
(910018, 2048, 0, 0, 0, 69), 
(910018, 2565, 0, 0, 0, 16), 
(910018, 2687, 0, 0, 0, 10), 
(910018, 3411, 0, 0, 0, 70), 
(910018, 5242, 0, 0, 0, 12), 
(910018, 5246, 0, 0, 0, 22), 
(910018, 5308, 0, 0, 0, 24), 
(910018, 6178, 0, 0, 0, 26), 
(910018, 6190, 0, 0, 0, 24), 
(910018, 6192, 0, 0, 0, 22), 
(910018, 6343, 0, 0, 0, 6), 
(910018, 6546, 0, 0, 0, 10), 
(910018, 6547, 0, 0, 0, 20), 
(910018, 6548, 0, 0, 0, 30), 
(910018, 6552, 0, 0, 0, 38), 
(910018, 6554, 0, 0, 0, 58), 
(910018, 6572, 0, 0, 0, 14), 
(910018, 6574, 0, 0, 0, 24), 
(910018, 6673, 0, 0, 0, 0), 
(910018, 7369, 0, 0, 0, 30), 
(910018, 7372, 0, 0, 0, 32), 
(910018, 7373, 0, 0, 0, 54), 
(910018, 7379, 0, 0, 0, 34), 
(910018, 7384, 0, 0, 0, 12), 
(910018, 7400, 0, 0, 0, 26), 
(910018, 7402, 0, 0, 0, 36), 
(910018, 7887, 0, 0, 0, 28), 
(910018, 8198, 0, 0, 0, 18), 
(910018, 8204, 0, 0, 0, 28), 
(910018, 8205, 0, 0, 0, 38), 
(910018, 8820, 0, 0, 0, 38), 
(910018, 11549, 0, 0, 0, 32), 
(910018, 11550, 0, 0, 0, 42), 
(910018, 11551, 0, 0, 0, 52), 
(910018, 11554, 0, 0, 0, 34), 
(910018, 11555, 0, 0, 0, 44), 
(910018, 11556, 0, 0, 0, 54), 
(910018, 11564, 0, 0, 0, 32), 
(910018, 11565, 0, 0, 0, 40), 
(910018, 11566, 0, 0, 0, 48), 
(910018, 11567, 0, 0, 0, 56), 
(910018, 11572, 0, 0, 0, 40), 
(910018, 11573, 0, 0, 0, 50), 
(910018, 11574, 0, 0, 0, 60), 
(910018, 11578, 0, 0, 0, 46), 
(910018, 11580, 0, 0, 0, 48), 
(910018, 11581, 0, 0, 0, 58), 
(910018, 11584, 0, 0, 0, 44), 
(910018, 11585, 0, 0, 0, 60), 
(910018, 11600, 0, 0, 0, 44), 
(910018, 11601, 0, 0, 0, 54), 
(910018, 11604, 0, 0, 0, 46), 
(910018, 11605, 0, 0, 0, 54), 
(910018, 11608, 0, 0, 0, 40), 
(910018, 11609, 0, 0, 0, 50), 
(910018, 12678, 0, 0, 0, 20), 
(910018, 18499, 0, 0, 0, 32), 
(910018, 20230, 0, 0, 0, 20), 
(910018, 20559, 0, 0, 0, 46), 
(910018, 20560, 0, 0, 0, 56), 
(910018, 20569, 0, 0, 0, 60), 
(910018, 20616, 0, 0, 0, 42), 
(910018, 20617, 0, 0, 0, 52), 
(910018, 20658, 0, 0, 0, 32), 
(910018, 20660, 0, 0, 0, 40), 
(910018, 20661, 0, 0, 0, 48), 
(910018, 20662, 0, 0, 0, 56), 
(910018, 21551, 0, 0, 0, 48), 
(910018, 21552, 0, 0, 0, 54), 
(910018, 21553, 0, 0, 0, 60), 
(910018, 23892, 0, 0, 0, 48), 
(910018, 23893, 0, 0, 0, 54), 
(910018, 23894, 0, 0, 0, 60), 
(910018, 23920, 0, 0, 0, 64), 
(910018, 23922, 0, 0, 0, 40), 
(910018, 23923, 0, 0, 0, 48), 
(910018, 23924, 0, 0, 0, 54), 
(910018, 23925, 0, 0, 0, 60), 
(910018, 25202, 0, 0, 0, 62), 
(910018, 25203, 0, 0, 0, 70), 
(910018, 25208, 0, 0, 0, 68), 
(910018, 25212, 0, 0, 0, 67), 
(910018, 25231, 0, 0, 0, 68), 
(910018, 25234, 0, 0, 0, 65), 
(910018, 25236, 0, 0, 0, 70), 
(910018, 25241, 0, 0, 0, 61), 
(910018, 25242, 0, 0, 0, 69), 
(910018, 25248, 0, 0, 0, 66), 
(910018, 25251, 0, 0, 0, 66), 
(910018, 25258, 0, 0, 0, 66), 
(910018, 25264, 0, 0, 0, 67), 
(910018, 25266, 0, 0, 0, 65), 
(910018, 25269, 0, 0, 0, 63), 
(910018, 25272, 0, 0, 0, 61), 
(910018, 25275, 0, 0, 0, 69), 
(910018, 25286, 0, 0, 0, 60), 
(910018, 25288, 0, 0, 0, 60), 
(910018, 25289, 0, 0, 0, 60), 
(910018, 29704, 0, 0, 0, 64), 
(910018, 29707, 0, 0, 0, 66), 
(910018, 30016, 0, 0, 0, 60), 
(910018, 30022, 0, 0, 0, 70), 
(910018, 30324, 0, 0, 0, 70), 
(910018, 30330, 0, 0, 0, 70), 
(910018, 30335, 0, 0, 0, 70), 
(910018, 30356, 0, 0, 0, 70), 
(910018, 30357, 0, 0, 0, 70), 
(910018, 34428, 0, 0, 0, 62), 
(910018, 46845, 0, 0, 0, 71), 
(910018, 47436, 0, 0, 0, 78), 
(910018, 47437, 0, 0, 0, 79), 
(910018, 47439, 0, 0, 0, 74), 
(910018, 47440, 0, 0, 0, 80), 
(910018, 47449, 0, 0, 0, 72), 
(910018, 47450, 0, 0, 0, 76), 
(910018, 47465, 0, 0, 0, 76), 
(910018, 47470, 0, 0, 0, 73), 
(910018, 47471, 0, 0, 0, 80), 
(910018, 47474, 0, 0, 0, 74), 
(910018, 47475, 0, 0, 0, 79), 
(910018, 47485, 0, 0, 0, 75), 
(910018, 47486, 0, 0, 0, 80), 
(910018, 47487, 0, 0, 0, 75), 
(910018, 47488, 0, 0, 0, 80), 
(910018, 47497, 0, 0, 0, 75), 
(910018, 47498, 0, 0, 0, 80), 
(910018, 47501, 0, 0, 0, 73), 
(910018, 47502, 0, 0, 0, 78), 
(910018, 47519, 0, 0, 0, 72), 
(910018, 47520, 0, 0, 0, 77), 
(910018, 55694, 0, 0, 0, 75), 
(910018, 57755, 0, 0, 0, 80), 
(910018, 57823, 0, 0, 0, 80), 
(910018, 64382, 0, 0, 0, 71), 
(910018, 2458, 0, 0, 0, 30), 
(910018, 20252, 0, 0, 0, 30), 
(910018, 71, 0, 0, 0, 10), 
(910018, 7386, 0, 0, 0, 10), 
(910018, 355, 0, 0, 0, 10), 
(910018, 33389, 0, 0, 0, 20), 
(910018, 33392, 0, 762, 75, 40), 
(910018, 34092, 0, 762, 150, 60), 
(910018, 34093, 0, 762, 225, 70), 
(910018, 54197, 0, 762, 225, 77), 
(910018, 197, 0, 0, 0, 0), 
(910018, 264, 0, 0, 0, 0), 
(910018, 5011, 0, 0, 0, 0), 
(910018, 1180, 0, 0, 0, 0), 
(910018, 15590, 0, 0, 0, 0), 
(910018, 266, 0, 0, 0, 0), 
(910018, 196, 0, 0, 0, 0), 
(910018, 198, 0, 0, 0, 0), 
(910018, 201, 0, 0, 0, 0), 
(910018, 200, 0, 0, 0, 0), 
(910018, 227, 0, 0, 0, 0), 
(910018, 199, 0, 0, 0, 0), 
(910018, 202, 0, 0, 0, 0), 
(910018, 53, 0, 0, 0, 4), 
(910018, 408, 0, 0, 0, 30), 
(910018, 703, 0, 0, 0, 14), 
(910018, 921, 0, 0, 0, 4), 
(910018, 1725, 0, 0, 0, 22), 
(910018, 1757, 0, 0, 0, 6), 
(910018, 1758, 0, 0, 0, 14), 
(910018, 1759, 0, 0, 0, 22), 
(910018, 1760, 0, 0, 0, 30), 
(910018, 1766, 0, 0, 0, 12), 
(910018, 1776, 0, 0, 0, 6), 
(910018, 1784, 0, 0, 0, 0), 
(910018, 1785, 0, 0, 0, 20), 
(910018, 1786, 0, 0, 0, 40), 
(910018, 1787, 0, 0, 0, 60), 
(910018, 1804, 0, 0, 0, 16), 
(910018, 1833, 0, 0, 0, 26), 
(910018, 1842, 0, 0, 0, 30), 
(910018, 1856, 0, 0, 0, 22), 
(910018, 1857, 0, 0, 0, 42), 
(910018, 1860, 0, 0, 0, 40), 
(910018, 1943, 0, 0, 0, 20), 
(910018, 1966, 0, 0, 0, 16), 
(910018, 2070, 0, 0, 0, 28), 
(910018, 2094, 0, 0, 0, 34), 
(910018, 2589, 0, 0, 0, 12), 
(910018, 2590, 0, 0, 0, 20), 
(910018, 2591, 0, 0, 0, 28), 
(910018, 2836, 0, 0, 0, 24), 
(910018, 2983, 0, 0, 0, 10), 
(910018, 5171, 0, 0, 0, 10), 
(910018, 5277, 0, 0, 0, 8), 
(910018, 5938, 0, 0, 0, 70), 
(910018, 6760, 0, 0, 0, 8), 
(910018, 6761, 0, 0, 0, 16), 
(910018, 6762, 0, 0, 0, 24), 
(910018, 6768, 0, 0, 0, 28), 
(910018, 6770, 0, 0, 0, 10), 
(910018, 6774, 0, 0, 0, 42), 
(910018, 8621, 0, 0, 0, 38), 
(910018, 8623, 0, 0, 0, 32), 
(910018, 8624, 0, 0, 0, 40), 
(910018, 8631, 0, 0, 0, 22), 
(910018, 8632, 0, 0, 0, 30), 
(910018, 8633, 0, 0, 0, 38), 
(910018, 8637, 0, 0, 0, 40), 
(910018, 8639, 0, 0, 0, 28), 
(910018, 8640, 0, 0, 0, 36), 
(910018, 8643, 0, 0, 0, 50), 
(910018, 8647, 0, 0, 0, 14), 
(910018, 8676, 0, 0, 0, 18), 
(910018, 8696, 0, 0, 0, 34), 
(910018, 8721, 0, 0, 0, 36), 
(910018, 8724, 0, 0, 0, 26), 
(910018, 8725, 0, 0, 0, 34), 
(910018, 11267, 0, 0, 0, 42), 
(910018, 11268, 0, 0, 0, 50), 
(910018, 11269, 0, 0, 0, 58), 
(910018, 11273, 0, 0, 0, 44), 
(910018, 11274, 0, 0, 0, 52), 
(910018, 11275, 0, 0, 0, 60), 
(910018, 11279, 0, 0, 0, 44), 
(910018, 11280, 0, 0, 0, 52), 
(910018, 11281, 0, 0, 0, 60), 
(910018, 11289, 0, 0, 0, 46), 
(910018, 11290, 0, 0, 0, 54), 
(910018, 11293, 0, 0, 0, 46), 
(910018, 11294, 0, 0, 0, 54), 
(910018, 11297, 0, 0, 0, 48), 
(910018, 11299, 0, 0, 0, 48), 
(910018, 11300, 0, 0, 0, 56), 
(910018, 11303, 0, 0, 0, 52), 
(910018, 11305, 0, 0, 0, 58), 
(910018, 17347, 0, 0, 0, 46), 
(910018, 17348, 0, 0, 0, 58), 
(910018, 25300, 0, 0, 0, 60), 
(910018, 25302, 0, 0, 0, 60), 
(910018, 26669, 0, 0, 0, 50), 
(910018, 26679, 0, 0, 0, 64), 
(910018, 26839, 0, 0, 0, 61), 
(910018, 26861, 0, 0, 0, 62), 
(910018, 26862, 0, 0, 0, 70), 
(910018, 26863, 0, 0, 0, 68), 
(910018, 26864, 0, 0, 0, 70), 
(910018, 26865, 0, 0, 0, 64), 
(910018, 26867, 0, 0, 0, 68), 
(910018, 26884, 0, 0, 0, 70), 
(910018, 26889, 0, 0, 0, 62), 
(910018, 27441, 0, 0, 0, 66), 
(910018, 27448, 0, 0, 0, 64), 
(910018, 31016, 0, 0, 0, 60), 
(910018, 31224, 0, 0, 0, 66), 
(910018, 32645, 0, 0, 0, 62), 
(910018, 32684, 0, 0, 0, 69), 
(910018, 34411, 0, 0, 0, 50), 
(910018, 34412, 0, 0, 0, 60), 
(910018, 34413, 0, 0, 0, 70), 
(910018, 48637, 0, 0, 0, 76), 
(910018, 48638, 0, 0, 0, 80), 
(910018, 48656, 0, 0, 0, 74), 
(910018, 48657, 0, 0, 0, 80), 
(910018, 48658, 0, 0, 0, 72), 
(910018, 48659, 0, 0, 0, 78), 
(910018, 48660, 0, 0, 0, 80), 
(910018, 48663, 0, 0, 0, 75), 
(910018, 48666, 0, 0, 0, 80), 
(910018, 48667, 0, 0, 0, 73), 
(910018, 48668, 0, 0, 0, 79), 
(910018, 48671, 0, 0, 0, 74), 
(910018, 48672, 0, 0, 0, 79), 
(910018, 48673, 0, 0, 0, 70), 
(910018, 48674, 0, 0, 0, 76), 
(910018, 48675, 0, 0, 0, 75), 
(910018, 48676, 0, 0, 0, 80), 
(910018, 48689, 0, 0, 0, 70), 
(910018, 48690, 0, 0, 0, 75), 
(910018, 48691, 0, 0, 0, 80), 
(910018, 51722, 0, 0, 0, 20), 
(910018, 51723, 0, 0, 0, 80), 
(910018, 51724, 0, 0, 0, 71), 
(910018, 57934, 0, 0, 0, 75), 
(910018, 57992, 0, 0, 0, 74), 
(910018, 57993, 0, 0, 0, 80);