DELETE FROM `npc_trainer` WHERE (`entry`=1000003);
INSERT INTO `npc_trainer` (entry, spell, spellcost, reqskill, reqskillvalue, reqlevel) VALUES  
(1000003, 498, 0, 0, 0, 6), 
(1000003, 633, 0, 0, 0, 10), 
(1000003, 639, 0, 0, 0, 6), 
(1000003, 642, 0, 0, 0, 34), 
(1000003, 643, 0, 0, 0, 20), 
(1000003, 647, 0, 0, 0, 14), 
(1000003, 750, 0, 0, 0, 40), 
(1000003, 853, 0, 0, 0, 8), 
(1000003, 879, 0, 0, 0, 20), 
(1000003, 1022, 0, 0, 0, 10), 
(1000003, 1026, 0, 0, 0, 22), 
(1000003, 1032, 0, 0, 0, 40), 
(1000003, 1038, 0, 0, 0, 26), 
(1000003, 1042, 0, 0, 0, 30), 
(1000003, 1044, 0, 0, 0, 18), 
(1000003, 1152, 0, 0, 0, 8), 
(1000003, 2800, 0, 0, 0, 30), 
(1000003, 2812, 0, 0, 0, 50), 
(1000003, 3472, 0, 0, 0, 38), 
(1000003, 4987, 0, 0, 0, 42), 
(1000003, 5588, 0, 0, 0, 24), 
(1000003, 5589, 0, 0, 0, 40), 
(1000003, 5599, 0, 0, 0, 24), 
(1000003, 5614, 0, 0, 0, 28), 
(1000003, 5615, 0, 0, 0, 36), 
(1000003, 6940, 0, 0, 0, 46), 
(1000003, 7294, 0, 0, 0, 16), 
(1000003, 10278, 0, 0, 0, 38), 
(1000003, 10290, 0, 0, 0, 10), 
(1000003, 10291, 0, 0, 0, 30), 
(1000003, 10292, 0, 0, 0, 50), 
(1000003, 10293, 0, 0, 0, 60), 
(1000003, 10298, 0, 0, 0, 26), 
(1000003, 10299, 0, 0, 0, 36), 
(1000003, 10300, 0, 0, 0, 46), 
(1000003, 10301, 0, 0, 0, 56), 
(1000003, 10308, 0, 0, 0, 54), 
(1000003, 10310, 0, 0, 0, 50), 
(1000003, 10312, 0, 0, 0, 44), 
(1000003, 10313, 0, 0, 0, 52), 
(1000003, 10314, 0, 0, 0, 60), 
(1000003, 10318, 0, 0, 0, 60), 
(1000003, 10322, 0, 0, 0, 24), 
(1000003, 10324, 0, 0, 0, 36), 
(1000003, 10326, 0, 0, 0, 24), 
(1000003, 10328, 0, 0, 0, 46), 
(1000003, 10329, 0, 0, 0, 54), 
(1000003, 13820, 0, 0, 0, 20), 
(1000003, 19740, 0, 0, 0, 4), 
(1000003, 19742, 0, 0, 0, 14), 
(1000003, 19746, 0, 0, 0, 22), 
(1000003, 19750, 0, 0, 0, 20), 
(1000003, 19752, 0, 0, 0, 30), 
(1000003, 19834, 0, 0, 0, 12), 
(1000003, 19835, 0, 0, 0, 22), 
(1000003, 19836, 0, 0, 0, 32), 
(1000003, 19837, 0, 0, 0, 42), 
(1000003, 19838, 0, 0, 0, 52), 
(1000003, 19850, 0, 0, 0, 24), 
(1000003, 19852, 0, 0, 0, 34), 
(1000003, 19853, 0, 0, 0, 44), 
(1000003, 19854, 0, 0, 0, 54), 
(1000003, 19876, 0, 0, 0, 28), 
(1000003, 19888, 0, 0, 0, 32), 
(1000003, 19891, 0, 0, 0, 36), 
(1000003, 19895, 0, 0, 0, 40), 
(1000003, 19896, 0, 0, 0, 52), 
(1000003, 19897, 0, 0, 0, 44), 
(1000003, 19898, 0, 0, 0, 56), 
(1000003, 19899, 0, 0, 0, 48), 
(1000003, 19900, 0, 0, 0, 60), 
(1000003, 19939, 0, 0, 0, 26), 
(1000003, 19940, 0, 0, 0, 34), 
(1000003, 19941, 0, 0, 0, 42), 
(1000003, 19942, 0, 0, 0, 50), 
(1000003, 19943, 0, 0, 0, 58), 
(1000003, 20116, 0, 0, 0, 30), 
(1000003, 20164, 0, 0, 0, 22), 
(1000003, 20165, 0, 0, 0, 30), 
(1000003, 20166, 0, 0, 0, 38), 
(1000003, 20217, 0, 0, 0, 20), 
(1000003, 20271, 0, 0, 0, 4), 
(1000003, 20772, 0, 0, 0, 48), 
(1000003, 20773, 0, 0, 0, 60), 
(1000003, 20922, 0, 0, 0, 40), 
(1000003, 20923, 0, 0, 0, 50), 
(1000003, 20924, 0, 0, 0, 60), 
(1000003, 20927, 0, 0, 0, 50), 
(1000003, 20928, 0, 0, 0, 60), 
(1000003, 20929, 0, 0, 0, 48), 
(1000003, 20930, 0, 0, 0, 56), 
(1000003, 23215, 0, 0, 0, 40), 
(1000003, 24239, 0, 0, 0, 60), 
(1000003, 24274, 0, 0, 0, 52), 
(1000003, 24275, 0, 0, 0, 44), 
(1000003, 25290, 0, 0, 0, 60), 
(1000003, 25291, 0, 0, 0, 60), 
(1000003, 25292, 0, 0, 0, 60), 
(1000003, 25780, 0, 0, 0, 16), 
(1000003, 25782, 0, 0, 0, 52), 
(1000003, 25894, 0, 0, 0, 54), 
(1000003, 25898, 0, 0, 0, 60), 
(1000003, 25899, 0, 0, 0, 60), 
(1000003, 25916, 0, 0, 0, 60), 
(1000003, 25918, 0, 0, 0, 60), 
(1000003, 26573, 0, 0, 0, 20), 
(1000003, 27135, 0, 0, 0, 62), 
(1000003, 27136, 0, 0, 0, 70), 
(1000003, 27137, 0, 0, 0, 66), 
(1000003, 27138, 0, 0, 0, 68), 
(1000003, 27139, 0, 0, 0, 69), 
(1000003, 27140, 0, 0, 0, 70), 
(1000003, 27141, 0, 0, 0, 70), 
(1000003, 27142, 0, 0, 0, 65), 
(1000003, 27143, 0, 0, 0, 65), 
(1000003, 27149, 0, 0, 0, 70), 
(1000003, 27150, 0, 0, 0, 66), 
(1000003, 27151, 0, 0, 0, 63), 
(1000003, 27152, 0, 0, 0, 68), 
(1000003, 27153, 0, 0, 0, 70), 
(1000003, 27154, 0, 0, 0, 69), 
(1000003, 27173, 0, 0, 0, 70), 
(1000003, 27174, 0, 0, 0, 64), 
(1000003, 27179, 0, 0, 0, 70), 
(1000003, 27180, 0, 0, 0, 68), 
(1000003, 31789, 0, 0, 0, 14), 
(1000003, 31801, 0, 0, 0, 64), 
(1000003, 31884, 0, 0, 0, 70), 
(1000003, 32223, 0, 0, 0, 62), 
(1000003, 32699, 0, 0, 0, 60), 
(1000003, 32700, 0, 0, 0, 70), 
(1000003, 33072, 0, 0, 0, 70), 
(1000003, 48781, 0, 0, 0, 75), 
(1000003, 48782, 0, 0, 0, 80), 
(1000003, 48784, 0, 0, 0, 74), 
(1000003, 48785, 0, 0, 0, 79), 
(1000003, 48788, 0, 0, 0, 78), 
(1000003, 48800, 0, 0, 0, 73), 
(1000003, 48801, 0, 0, 0, 79), 
(1000003, 48805, 0, 0, 0, 74), 
(1000003, 48806, 0, 0, 0, 80), 
(1000003, 48816, 0, 0, 0, 72), 
(1000003, 48817, 0, 0, 0, 78), 
(1000003, 48818, 0, 0, 0, 75), 
(1000003, 48819, 0, 0, 0, 80), 
(1000003, 48824, 0, 0, 0, 75), 
(1000003, 48825, 0, 0, 0, 80), 
(1000003, 48826, 0, 0, 0, 75), 
(1000003, 48827, 0, 0, 0, 80), 
(1000003, 48931, 0, 0, 0, 73), 
(1000003, 48932, 0, 0, 0, 79), 
(1000003, 48933, 0, 0, 0, 73), 
(1000003, 48934, 0, 0, 0, 79), 
(1000003, 48935, 0, 0, 0, 71), 
(1000003, 48936, 0, 0, 0, 77), 
(1000003, 48937, 0, 0, 0, 71), 
(1000003, 48938, 0, 0, 0, 77), 
(1000003, 48941, 0, 0, 0, 74), 
(1000003, 48942, 0, 0, 0, 79), 
(1000003, 48943, 0, 0, 0, 76), 
(1000003, 48945, 0, 0, 0, 77), 
(1000003, 48947, 0, 0, 0, 78), 
(1000003, 48949, 0, 0, 0, 72), 
(1000003, 48950, 0, 0, 0, 79), 
(1000003, 48951, 0, 0, 0, 75), 
(1000003, 48952, 0, 0, 0, 80), 
(1000003, 53407, 0, 0, 0, 28), 
(1000003, 53408, 0, 0, 0, 12), 
(1000003, 53600, 0, 0, 0, 75), 
(1000003, 53601, 0, 0, 0, 80), 
(1000003, 54043, 0, 0, 0, 76), 
(1000003, 54428, 0, 0, 0, 71), 
(1000003, 61411, 0, 0, 0, 80), 
(1000003, 62124, 0, 0, 0, 16), 
(1000003, 7328, 0, 0, 0, 12), 
(1000003, 5502, 0, 0, 0, 20), 
(1000003, 34769, 0, 0, 0, 20), 
(1000003, 13819, 0, 0, 0, 20), 
(1000003, 23214, 0, 0, 0, 40), 
(1000003, 34767, 0, 0, 0, 40), 
(1000003, 99, 0, 0, 0, 10), 
(1000003, 339, 0, 0, 0, 8), 
(1000003, 467, 0, 0, 0, 6), 
(1000003, 740, 0, 0, 0, 30), 
(1000003, 768, 0, 0, 0, 20), 
(1000003, 769, 0, 0, 0, 34), 
(1000003, 770, 0, 0, 0, 18), 
(1000003, 774, 0, 0, 0, 4), 
(1000003, 779, 0, 0, 0, 16), 
(1000003, 780, 0, 0, 0, 24), 
(1000003, 782, 0, 0, 0, 14), 
(1000003, 783, 0, 0, 0, 16), 
(1000003, 1058, 0, 0, 0, 10), 
(1000003, 1062, 0, 0, 0, 18), 
(1000003, 1075, 0, 0, 0, 24), 
(1000003, 1079, 0, 0, 0, 20), 
(1000003, 1082, 0, 0, 0, 20), 
(1000003, 1126, 0, 0, 0, 0), 
(1000003, 1430, 0, 0, 0, 16), 
(1000003, 1735, 0, 0, 0, 20), 
(1000003, 1822, 0, 0, 0, 24), 
(1000003, 1823, 0, 0, 0, 34), 
(1000003, 1824, 0, 0, 0, 44), 
(1000003, 1850, 0, 0, 0, 26), 
(1000003, 2090, 0, 0, 0, 22), 
(1000003, 2091, 0, 0, 0, 28), 
(1000003, 2637, 0, 0, 0, 18), 
(1000003, 2782, 0, 0, 0, 24), 
(1000003, 2893, 0, 0, 0, 26), 
(1000003, 2908, 0, 0, 0, 22), 
(1000003, 2912, 0, 0, 0, 20), 
(1000003, 3029, 0, 0, 0, 28), 
(1000003, 3627, 0, 0, 0, 34), 
(1000003, 5177, 0, 0, 0, 6), 
(1000003, 5178, 0, 0, 0, 14), 
(1000003, 5179, 0, 0, 0, 22), 
(1000003, 5180, 0, 0, 0, 30), 
(1000003, 5186, 0, 0, 0, 8), 
(1000003, 5187, 0, 0, 0, 14), 
(1000003, 5188, 0, 0, 0, 20), 
(1000003, 5189, 0, 0, 0, 26), 
(1000003, 5195, 0, 0, 0, 28), 
(1000003, 5196, 0, 0, 0, 38), 
(1000003, 5201, 0, 0, 0, 38), 
(1000003, 5209, 0, 0, 0, 28), 
(1000003, 5211, 0, 0, 0, 14), 
(1000003, 5215, 0, 0, 0, 20), 
(1000003, 5217, 0, 0, 0, 24), 
(1000003, 5221, 0, 0, 0, 22), 
(1000003, 5225, 0, 0, 0, 32), 
(1000003, 5229, 0, 0, 0, 12), 
(1000003, 5232, 0, 0, 0, 10), 
(1000003, 5234, 0, 0, 0, 30), 
(1000003, 6756, 0, 0, 0, 20), 
(1000003, 6778, 0, 0, 0, 32), 
(1000003, 6780, 0, 0, 0, 38), 
(1000003, 6783, 0, 0, 0, 40), 
(1000003, 6785, 0, 0, 0, 32), 
(1000003, 6787, 0, 0, 0, 42), 
(1000003, 6793, 0, 0, 0, 36), 
(1000003, 6798, 0, 0, 0, 30), 
(1000003, 6800, 0, 0, 0, 30), 
(1000003, 6808, 0, 0, 0, 18), 
(1000003, 6809, 0, 0, 0, 26), 
(1000003, 8903, 0, 0, 0, 38), 
(1000003, 8905, 0, 0, 0, 46), 
(1000003, 8907, 0, 0, 0, 40), 
(1000003, 8910, 0, 0, 0, 40), 
(1000003, 8914, 0, 0, 0, 34), 
(1000003, 8918, 0, 0, 0, 40), 
(1000003, 8921, 0, 0, 0, 4), 
(1000003, 8924, 0, 0, 0, 10), 
(1000003, 8925, 0, 0, 0, 16), 
(1000003, 8926, 0, 0, 0, 22), 
(1000003, 8927, 0, 0, 0, 28), 
(1000003, 8928, 0, 0, 0, 34), 
(1000003, 8929, 0, 0, 0, 40), 
(1000003, 8936, 0, 0, 0, 12), 
(1000003, 8938, 0, 0, 0, 18), 
(1000003, 8939, 0, 0, 0, 24), 
(1000003, 8940, 0, 0, 0, 30), 
(1000003, 8941, 0, 0, 0, 36), 
(1000003, 8949, 0, 0, 0, 26), 
(1000003, 8950, 0, 0, 0, 34), 
(1000003, 8951, 0, 0, 0, 42), 
(1000003, 8955, 0, 0, 0, 38), 
(1000003, 8972, 0, 0, 0, 34), 
(1000003, 8983, 0, 0, 0, 46), 
(1000003, 8992, 0, 0, 0, 38), 
(1000003, 8998, 0, 0, 0, 28), 
(1000003, 9000, 0, 0, 0, 40), 
(1000003, 9005, 0, 0, 0, 36), 
(1000003, 9490, 0, 0, 0, 32), 
(1000003, 9492, 0, 0, 0, 28), 
(1000003, 9493, 0, 0, 0, 36), 
(1000003, 9634, 0, 0, 0, 40), 
(1000003, 9745, 0, 0, 0, 42), 
(1000003, 9747, 0, 0, 0, 42), 
(1000003, 9750, 0, 0, 0, 42), 
(1000003, 9752, 0, 0, 0, 44), 
(1000003, 9754, 0, 0, 0, 44), 
(1000003, 9756, 0, 0, 0, 44), 
(1000003, 9758, 0, 0, 0, 44), 
(1000003, 9821, 0, 0, 0, 46), 
(1000003, 9823, 0, 0, 0, 46), 
(1000003, 9827, 0, 0, 0, 56), 
(1000003, 9829, 0, 0, 0, 46), 
(1000003, 9830, 0, 0, 0, 54), 
(1000003, 9833, 0, 0, 0, 46), 
(1000003, 9834, 0, 0, 0, 52), 
(1000003, 9835, 0, 0, 0, 58), 
(1000003, 9839, 0, 0, 0, 46), 
(1000003, 9840, 0, 0, 0, 52), 
(1000003, 9841, 0, 0, 0, 58), 
(1000003, 9845, 0, 0, 0, 48), 
(1000003, 9846, 0, 0, 0, 60), 
(1000003, 9849, 0, 0, 0, 48), 
(1000003, 9850, 0, 0, 0, 58), 
(1000003, 9852, 0, 0, 0, 48), 
(1000003, 9853, 0, 0, 0, 58), 
(1000003, 9856, 0, 0, 0, 48), 
(1000003, 9857, 0, 0, 0, 54), 
(1000003, 9858, 0, 0, 0, 60), 
(1000003, 9862, 0, 0, 0, 50), 
(1000003, 9863, 0, 0, 0, 60), 
(1000003, 9866, 0, 0, 0, 50), 
(1000003, 9867, 0, 0, 0, 58), 
(1000003, 9875, 0, 0, 0, 50), 
(1000003, 9876, 0, 0, 0, 58), 
(1000003, 9880, 0, 0, 0, 50), 
(1000003, 9881, 0, 0, 0, 58), 
(1000003, 9884, 0, 0, 0, 50), 
(1000003, 9885, 0, 0, 0, 60), 
(1000003, 9888, 0, 0, 0, 50), 
(1000003, 9889, 0, 0, 0, 56), 
(1000003, 9892, 0, 0, 0, 52), 
(1000003, 9894, 0, 0, 0, 52), 
(1000003, 9896, 0, 0, 0, 60), 
(1000003, 9898, 0, 0, 0, 52), 
(1000003, 9901, 0, 0, 0, 54), 
(1000003, 9904, 0, 0, 0, 54), 
(1000003, 9908, 0, 0, 0, 54), 
(1000003, 9910, 0, 0, 0, 54), 
(1000003, 9912, 0, 0, 0, 54), 
(1000003, 9913, 0, 0, 0, 60), 
(1000003, 16689, 0, 0, 0, 10), 
(1000003, 16810, 0, 0, 0, 18), 
(1000003, 16811, 0, 0, 0, 28), 
(1000003, 16812, 0, 0, 0, 38), 
(1000003, 16813, 0, 0, 0, 48), 
(1000003, 16857, 0, 0, 0, 18), 
(1000003, 16914, 0, 0, 0, 40), 
(1000003, 17329, 0, 0, 0, 58), 
(1000003, 17401, 0, 0, 0, 50), 
(1000003, 17402, 0, 0, 0, 60), 
(1000003, 18657, 0, 0, 0, 38), 
(1000003, 18658, 0, 0, 0, 58), 
(1000003, 20484, 0, 0, 0, 20), 
(1000003, 20719, 0, 0, 0, 40), 
(1000003, 20739, 0, 0, 0, 30), 
(1000003, 20742, 0, 0, 0, 40), 
(1000003, 20747, 0, 0, 0, 50), 
(1000003, 20748, 0, 0, 0, 60), 
(1000003, 21849, 0, 0, 0, 50), 
(1000003, 21850, 0, 0, 0, 60), 
(1000003, 22568, 0, 0, 0, 32), 
(1000003, 22570, 0, 0, 0, 62), 
(1000003, 22812, 0, 0, 0, 44), 
(1000003, 22827, 0, 0, 0, 40), 
(1000003, 22828, 0, 0, 0, 48), 
(1000003, 22829, 0, 0, 0, 56), 
(1000003, 22842, 0, 0, 0, 36), 
(1000003, 24248, 0, 0, 0, 63), 
(1000003, 24974, 0, 0, 0, 30), 
(1000003, 24975, 0, 0, 0, 40), 
(1000003, 24976, 0, 0, 0, 50), 
(1000003, 24977, 0, 0, 0, 60), 
(1000003, 25297, 0, 0, 0, 60), 
(1000003, 25298, 0, 0, 0, 60), 
(1000003, 25299, 0, 0, 0, 60), 
(1000003, 26978, 0, 0, 0, 62), 
(1000003, 26979, 0, 0, 0, 69), 
(1000003, 26980, 0, 0, 0, 65), 
(1000003, 26981, 0, 0, 0, 63), 
(1000003, 26982, 0, 0, 0, 69), 
(1000003, 26983, 0, 0, 0, 70), 
(1000003, 26984, 0, 0, 0, 61), 
(1000003, 26985, 0, 0, 0, 69), 
(1000003, 26986, 0, 0, 0, 67), 
(1000003, 26987, 0, 0, 0, 63), 
(1000003, 26988, 0, 0, 0, 70), 
(1000003, 26989, 0, 0, 0, 68), 
(1000003, 26990, 0, 0, 0, 70), 
(1000003, 26991, 0, 0, 0, 70), 
(1000003, 26992, 0, 0, 0, 64), 
(1000003, 26994, 0, 0, 0, 69), 
(1000003, 26995, 0, 0, 0, 70), 
(1000003, 26996, 0, 0, 0, 67), 
(1000003, 26997, 0, 0, 0, 64), 
(1000003, 26998, 0, 0, 0, 62), 
(1000003, 27000, 0, 0, 0, 67), 
(1000003, 27001, 0, 0, 0, 61), 
(1000003, 27002, 0, 0, 0, 70), 
(1000003, 27003, 0, 0, 0, 64), 
(1000003, 27004, 0, 0, 0, 69), 
(1000003, 27005, 0, 0, 0, 66), 
(1000003, 27006, 0, 0, 0, 66), 
(1000003, 27008, 0, 0, 0, 67), 
(1000003, 27009, 0, 0, 0, 68), 
(1000003, 27012, 0, 0, 0, 70), 
(1000003, 27013, 0, 0, 0, 70), 
(1000003, 29166, 0, 0, 0, 40), 
(1000003, 31018, 0, 0, 0, 60), 
(1000003, 31709, 0, 0, 0, 60), 
(1000003, 33357, 0, 0, 0, 65), 
(1000003, 33745, 0, 0, 0, 66), 
(1000003, 33763, 0, 0, 0, 64), 
(1000003, 33786, 0, 0, 0, 70), 
(1000003, 33943, 0, 0, 0, 68), 
(1000003, 33950, 0, 0, 0, 60), 
(1000003, 33982, 0, 0, 0, 58), 
(1000003, 33983, 0, 0, 0, 68), 
(1000003, 33986, 0, 0, 0, 58), 
(1000003, 33987, 0, 0, 0, 68), 
(1000003, 48377, 0, 0, 0, 74), 
(1000003, 48378, 0, 0, 0, 79), 
(1000003, 48440, 0, 0, 0, 75), 
(1000003, 48441, 0, 0, 0, 80), 
(1000003, 48442, 0, 0, 0, 71), 
(1000003, 48443, 0, 0, 0, 77), 
(1000003, 48446, 0, 0, 0, 75), 
(1000003, 48447, 0, 0, 0, 80), 
(1000003, 48450, 0, 0, 0, 72), 
(1000003, 48451, 0, 0, 0, 80), 
(1000003, 48459, 0, 0, 0, 74), 
(1000003, 48461, 0, 0, 0, 79), 
(1000003, 48462, 0, 0, 0, 75), 
(1000003, 48463, 0, 0, 0, 80), 
(1000003, 48464, 0, 0, 0, 72), 
(1000003, 48465, 0, 0, 0, 78), 
(1000003, 48467, 0, 0, 0, 80), 
(1000003, 48468, 0, 0, 0, 80), 
(1000003, 48469, 0, 0, 0, 80), 
(1000003, 48470, 0, 0, 0, 80), 
(1000003, 48477, 0, 0, 0, 79), 
(1000003, 48479, 0, 0, 0, 73), 
(1000003, 48480, 0, 0, 0, 79), 
(1000003, 48559, 0, 0, 0, 71), 
(1000003, 48560, 0, 0, 0, 77), 
(1000003, 48561, 0, 0, 0, 72), 
(1000003, 48562, 0, 0, 0, 77), 
(1000003, 48563, 0, 0, 0, 75), 
(1000003, 48564, 0, 0, 0, 80), 
(1000003, 48565, 0, 0, 0, 75), 
(1000003, 48566, 0, 0, 0, 80), 
(1000003, 48567, 0, 0, 0, 73), 
(1000003, 48568, 0, 0, 0, 80), 
(1000003, 48569, 0, 0, 0, 73), 
(1000003, 48570, 0, 0, 0, 79), 
(1000003, 48571, 0, 0, 0, 75), 
(1000003, 48572, 0, 0, 0, 80), 
(1000003, 48573, 0, 0, 0, 72), 
(1000003, 48574, 0, 0, 0, 78), 
(1000003, 48575, 0, 0, 0, 76), 
(1000003, 48576, 0, 0, 0, 72), 
(1000003, 48577, 0, 0, 0, 78), 
(1000003, 48578, 0, 0, 0, 73), 
(1000003, 48579, 0, 0, 0, 79), 
(1000003, 49799, 0, 0, 0, 71), 
(1000003, 49800, 0, 0, 0, 80), 
(1000003, 49802, 0, 0, 0, 74), 
(1000003, 49803, 0, 0, 0, 77), 
(1000003, 50212, 0, 0, 0, 71), 
(1000003, 50213, 0, 0, 0, 79), 
(1000003, 50464, 0, 0, 0, 80), 
(1000003, 50763, 0, 0, 0, 80), 
(1000003, 50764, 0, 0, 0, 69), 
(1000003, 50765, 0, 0, 0, 60), 
(1000003, 50766, 0, 0, 0, 48), 
(1000003, 50767, 0, 0, 0, 36), 
(1000003, 50768, 0, 0, 0, 24), 
(1000003, 50769, 0, 0, 0, 12), 
(1000003, 52610, 0, 0, 0, 75), 
(1000003, 53199, 0, 0, 0, 70), 
(1000003, 53200, 0, 0, 0, 75), 
(1000003, 53201, 0, 0, 0, 80), 
(1000003, 53223, 0, 0, 0, 60), 
(1000003, 53225, 0, 0, 0, 70), 
(1000003, 53226, 0, 0, 0, 75), 
(1000003, 53248, 0, 0, 0, 70), 
(1000003, 53249, 0, 0, 0, 75), 
(1000003, 53251, 0, 0, 0, 80), 
(1000003, 53307, 0, 0, 0, 74), 
(1000003, 53308, 0, 0, 0, 78), 
(1000003, 53312, 0, 0, 0, 78), 
(1000003, 61384, 0, 0, 0, 80), 
(1000003, 62078, 0, 0, 0, 71), 
(1000003, 62600, 0, 0, 0, 40), 
(1000003, 1066, 0, 0, 0, 16), 
(1000003, 8946, 0, 0, 0, 14), 
(1000003, 40120, 0, 0, 0, 71), 
(1000003, 5487, 0, 0, 0, 10), 
(1000003, 6795, 0, 0, 0, 10), 
(1000003, 6807, 0, 0, 0, 10), 
(1000003, 136, 0, 0, 0, 12), 
(1000003, 674, 0, 0, 0, 20), 
(1000003, 781, 0, 0, 0, 20), 
(1000003, 1002, 0, 0, 0, 14), 
(1000003, 1130, 0, 0, 0, 6), 
(1000003, 1462, 0, 0, 0, 24), 
(1000003, 1494, 0, 0, 0, 0), 
(1000003, 1495, 0, 0, 0, 16), 
(1000003, 1499, 0, 0, 0, 20), 
(1000003, 1510, 0, 0, 0, 40), 
(1000003, 1513, 0, 0, 0, 14), 
(1000003, 1543, 0, 0, 0, 32), 
(1000003, 1978, 0, 0, 0, 4), 
(1000003, 2643, 0, 0, 0, 18), 
(1000003, 2974, 0, 0, 0, 12), 
(1000003, 3034, 0, 0, 0, 36), 
(1000003, 3043, 0, 0, 0, 22), 
(1000003, 3044, 0, 0, 0, 6), 
(1000003, 3045, 0, 0, 0, 26), 
(1000003, 3111, 0, 0, 0, 20), 
(1000003, 3127, 0, 0, 0, 8), 
(1000003, 3661, 0, 0, 0, 28), 
(1000003, 3662, 0, 0, 0, 36), 
(1000003, 5116, 0, 0, 0, 8), 
(1000003, 5118, 0, 0, 0, 16), 
(1000003, 5384, 0, 0, 0, 30), 
(1000003, 6197, 0, 0, 0, 14), 
(1000003, 13159, 0, 0, 0, 40), 
(1000003, 13161, 0, 0, 0, 30), 
(1000003, 13163, 0, 0, 0, 4), 
(1000003, 13165, 0, 0, 0, 10), 
(1000003, 13542, 0, 0, 0, 44), 
(1000003, 13543, 0, 0, 0, 52), 
(1000003, 13544, 0, 0, 0, 60), 
(1000003, 13549, 0, 0, 0, 10), 
(1000003, 13550, 0, 0, 0, 18), 
(1000003, 13551, 0, 0, 0, 26), 
(1000003, 13552, 0, 0, 0, 34), 
(1000003, 13553, 0, 0, 0, 42), 
(1000003, 13554, 0, 0, 0, 50), 
(1000003, 13555, 0, 0, 0, 58), 
(1000003, 13795, 0, 0, 0, 16), 
(1000003, 13809, 0, 0, 0, 28), 
(1000003, 13813, 0, 0, 0, 34), 
(1000003, 14260, 0, 0, 0, 8), 
(1000003, 14261, 0, 0, 0, 16), 
(1000003, 14262, 0, 0, 0, 24), 
(1000003, 14263, 0, 0, 0, 32), 
(1000003, 14264, 0, 0, 0, 40), 
(1000003, 14265, 0, 0, 0, 48), 
(1000003, 14266, 0, 0, 0, 56), 
(1000003, 14267, 0, 0, 0, 38), 
(1000003, 14268, 0, 0, 0, 60), 
(1000003, 14269, 0, 0, 0, 30), 
(1000003, 14270, 0, 0, 0, 44), 
(1000003, 14271, 0, 0, 0, 58), 
(1000003, 14281, 0, 0, 0, 12), 
(1000003, 14282, 0, 0, 0, 20), 
(1000003, 14283, 0, 0, 0, 28), 
(1000003, 14284, 0, 0, 0, 36), 
(1000003, 14285, 0, 0, 0, 44), 
(1000003, 14286, 0, 0, 0, 52), 
(1000003, 14287, 0, 0, 0, 60), 
(1000003, 14288, 0, 0, 0, 30), 
(1000003, 14289, 0, 0, 0, 42), 
(1000003, 14290, 0, 0, 0, 54), 
(1000003, 14294, 0, 0, 0, 50), 
(1000003, 14295, 0, 0, 0, 58), 
(1000003, 14302, 0, 0, 0, 26), 
(1000003, 14303, 0, 0, 0, 36), 
(1000003, 14304, 0, 0, 0, 46), 
(1000003, 14305, 0, 0, 0, 56), 
(1000003, 14310, 0, 0, 0, 40), 
(1000003, 14311, 0, 0, 0, 60), 
(1000003, 14316, 0, 0, 0, 44), 
(1000003, 14317, 0, 0, 0, 54), 
(1000003, 14318, 0, 0, 0, 18), 
(1000003, 14319, 0, 0, 0, 28), 
(1000003, 14320, 0, 0, 0, 38), 
(1000003, 14321, 0, 0, 0, 48), 
(1000003, 14322, 0, 0, 0, 58), 
(1000003, 14323, 0, 0, 0, 22), 
(1000003, 14324, 0, 0, 0, 40), 
(1000003, 14325, 0, 0, 0, 58), 
(1000003, 14326, 0, 0, 0, 30), 
(1000003, 14327, 0, 0, 0, 46), 
(1000003, 19263, 0, 0, 0, 60), 
(1000003, 19801, 0, 0, 0, 60), 
(1000003, 19878, 0, 0, 0, 32), 
(1000003, 19879, 0, 0, 0, 50), 
(1000003, 19880, 0, 0, 0, 26), 
(1000003, 19882, 0, 0, 0, 40), 
(1000003, 19884, 0, 0, 0, 18), 
(1000003, 19885, 0, 0, 0, 24), 
(1000003, 20043, 0, 0, 0, 46), 
(1000003, 20190, 0, 0, 0, 56), 
(1000003, 20736, 0, 0, 0, 12), 
(1000003, 20900, 0, 0, 0, 28), 
(1000003, 20901, 0, 0, 0, 36), 
(1000003, 20902, 0, 0, 0, 44), 
(1000003, 20903, 0, 0, 0, 52), 
(1000003, 20904, 0, 0, 0, 60), 
(1000003, 20909, 0, 0, 0, 42), 
(1000003, 20910, 0, 0, 0, 54), 
(1000003, 24132, 0, 0, 0, 50), 
(1000003, 24133, 0, 0, 0, 60), 
(1000003, 25294, 0, 0, 0, 60), 
(1000003, 25295, 0, 0, 0, 60), 
(1000003, 25296, 0, 0, 0, 60), 
(1000003, 27014, 0, 0, 0, 63), 
(1000003, 27016, 0, 0, 0, 67), 
(1000003, 27019, 0, 0, 0, 69), 
(1000003, 27021, 0, 0, 0, 67), 
(1000003, 27022, 0, 0, 0, 67), 
(1000003, 27023, 0, 0, 0, 65), 
(1000003, 27025, 0, 0, 0, 61), 
(1000003, 27044, 0, 0, 0, 68), 
(1000003, 27045, 0, 0, 0, 68), 
(1000003, 27046, 0, 0, 0, 68), 
(1000003, 27065, 0, 0, 0, 70), 
(1000003, 27067, 0, 0, 0, 66), 
(1000003, 27068, 0, 0, 0, 70), 
(1000003, 34026, 0, 0, 0, 66), 
(1000003, 34074, 0, 0, 0, 20), 
(1000003, 34120, 0, 0, 0, 62), 
(1000003, 34477, 0, 0, 0, 70), 
(1000003, 34600, 0, 0, 0, 68), 
(1000003, 36916, 0, 0, 0, 70), 
(1000003, 48989, 0, 0, 0, 74), 
(1000003, 48990, 0, 0, 0, 80), 
(1000003, 48995, 0, 0, 0, 71), 
(1000003, 48996, 0, 0, 0, 77), 
(1000003, 48998, 0, 0, 0, 72), 
(1000003, 48999, 0, 0, 0, 78), 
(1000003, 49000, 0, 0, 0, 73), 
(1000003, 49001, 0, 0, 0, 79), 
(1000003, 49011, 0, 0, 0, 75), 
(1000003, 49012, 0, 0, 0, 80), 
(1000003, 49044, 0, 0, 0, 73), 
(1000003, 49045, 0, 0, 0, 79), 
(1000003, 49047, 0, 0, 0, 74), 
(1000003, 49048, 0, 0, 0, 80), 
(1000003, 49049, 0, 0, 0, 75), 
(1000003, 49050, 0, 0, 0, 80), 
(1000003, 49051, 0, 0, 0, 71), 
(1000003, 49052, 0, 0, 0, 77), 
(1000003, 49055, 0, 0, 0, 72), 
(1000003, 49056, 0, 0, 0, 78), 
(1000003, 49066, 0, 0, 0, 71), 
(1000003, 49067, 0, 0, 0, 77), 
(1000003, 49071, 0, 0, 0, 76), 
(1000003, 53271, 0, 0, 0, 75), 
(1000003, 53338, 0, 0, 0, 76), 
(1000003, 53339, 0, 0, 0, 80), 
(1000003, 53351, 0, 0, 0, 71), 
(1000003, 56641, 0, 0, 0, 50), 
(1000003, 58431, 0, 0, 0, 74), 
(1000003, 58434, 0, 0, 0, 80), 
(1000003, 60051, 0, 0, 0, 70), 
(1000003, 60052, 0, 0, 0, 75), 
(1000003, 60053, 0, 0, 0, 80), 
(1000003, 60192, 0, 0, 0, 80), 
(1000003, 61005, 0, 0, 0, 75), 
(1000003, 61006, 0, 0, 0, 80), 
(1000003, 61846, 0, 0, 0, 74), 
(1000003, 61847, 0, 0, 0, 80), 
(1000003, 63668, 0, 0, 0, 57), 
(1000003, 63669, 0, 0, 0, 63), 
(1000003, 63670, 0, 0, 0, 69), 
(1000003, 63671, 0, 0, 0, 75), 
(1000003, 63672, 0, 0, 0, 80), 
(1000003, 883, 0, 0, 0, 10), 
(1000003, 2641, 0, 0, 0, 10), 
(1000003, 6991, 0, 0, 0, 10), 
(1000003, 982, 0, 0, 0, 10), 
(1000003, 1515, 0, 0, 0, 10), 
(1000003, 10, 0, 0, 0, 20), 
(1000003, 66, 0, 0, 0, 68), 
(1000003, 116, 0, 0, 0, 4), 
(1000003, 118, 0, 0, 0, 8), 
(1000003, 120, 0, 0, 0, 26), 
(1000003, 122, 0, 0, 0, 10), 
(1000003, 130, 0, 0, 0, 12), 
(1000003, 143, 0, 0, 0, 6), 
(1000003, 145, 0, 0, 0, 12), 
(1000003, 205, 0, 0, 0, 8), 
(1000003, 475, 0, 0, 0, 18), 
(1000003, 543, 0, 0, 0, 20), 
(1000003, 587, 0, 0, 0, 6), 
(1000003, 597, 0, 0, 0, 12), 
(1000003, 604, 0, 0, 0, 12), 
(1000003, 759, 0, 0, 0, 28), 
(1000003, 837, 0, 0, 0, 14), 
(1000003, 865, 0, 0, 0, 26), 
(1000003, 990, 0, 0, 0, 22), 
(1000003, 1008, 0, 0, 0, 18), 
(1000003, 1449, 0, 0, 0, 14), 
(1000003, 1459, 0, 0, 0, 0), 
(1000003, 1460, 0, 0, 0, 14), 
(1000003, 1461, 0, 0, 0, 28), 
(1000003, 1463, 0, 0, 0, 20), 
(1000003, 1953, 0, 0, 0, 20), 
(1000003, 2120, 0, 0, 0, 16), 
(1000003, 2121, 0, 0, 0, 24), 
(1000003, 2136, 0, 0, 0, 6), 
(1000003, 2137, 0, 0, 0, 14), 
(1000003, 2138, 0, 0, 0, 22), 
(1000003, 2139, 0, 0, 0, 24), 
(1000003, 2948, 0, 0, 0, 22), 
(1000003, 3140, 0, 0, 0, 18), 
(1000003, 3552, 0, 0, 0, 38), 
(1000003, 3561, 0, 0, 0, 20), 
(1000003, 3562, 0, 0, 0, 20), 
(1000003, 3565, 0, 0, 0, 30), 
(1000003, 5143, 0, 0, 0, 8), 
(1000003, 5144, 0, 0, 0, 16), 
(1000003, 5145, 0, 0, 0, 24), 
(1000003, 5504, 0, 0, 0, 4), 
(1000003, 5505, 0, 0, 0, 10), 
(1000003, 5506, 0, 0, 0, 20), 
(1000003, 6117, 0, 0, 0, 34), 
(1000003, 6127, 0, 0, 0, 30), 
(1000003, 6129, 0, 0, 0, 32), 
(1000003, 6131, 0, 0, 0, 40), 
(1000003, 6141, 0, 0, 0, 28), 
(1000003, 6143, 0, 0, 0, 22), 
(1000003, 7300, 0, 0, 0, 10), 
(1000003, 7301, 0, 0, 0, 20), 
(1000003, 7302, 0, 0, 0, 30), 
(1000003, 7320, 0, 0, 0, 40), 
(1000003, 7322, 0, 0, 0, 20), 
(1000003, 8400, 0, 0, 0, 24), 
(1000003, 8401, 0, 0, 0, 30), 
(1000003, 8402, 0, 0, 0, 36), 
(1000003, 8406, 0, 0, 0, 26), 
(1000003, 8407, 0, 0, 0, 32), 
(1000003, 8408, 0, 0, 0, 38), 
(1000003, 8412, 0, 0, 0, 30), 
(1000003, 8413, 0, 0, 0, 38), 
(1000003, 8416, 0, 0, 0, 32), 
(1000003, 8417, 0, 0, 0, 40), 
(1000003, 8422, 0, 0, 0, 32), 
(1000003, 8423, 0, 0, 0, 40), 
(1000003, 8427, 0, 0, 0, 36), 
(1000003, 8437, 0, 0, 0, 22), 
(1000003, 8438, 0, 0, 0, 30), 
(1000003, 8439, 0, 0, 0, 38), 
(1000003, 8444, 0, 0, 0, 28), 
(1000003, 8445, 0, 0, 0, 34), 
(1000003, 8446, 0, 0, 0, 40), 
(1000003, 8450, 0, 0, 0, 24), 
(1000003, 8451, 0, 0, 0, 36), 
(1000003, 8455, 0, 0, 0, 30), 
(1000003, 8457, 0, 0, 0, 30), 
(1000003, 8458, 0, 0, 0, 40), 
(1000003, 8461, 0, 0, 0, 32), 
(1000003, 8462, 0, 0, 0, 42), 
(1000003, 8492, 0, 0, 0, 34), 
(1000003, 8494, 0, 0, 0, 28), 
(1000003, 8495, 0, 0, 0, 36), 
(1000003, 10053, 0, 0, 0, 48), 
(1000003, 10054, 0, 0, 0, 58), 
(1000003, 10059, 0, 0, 0, 40), 
(1000003, 10138, 0, 0, 0, 40), 
(1000003, 10139, 0, 0, 0, 50), 
(1000003, 10144, 0, 0, 0, 42), 
(1000003, 10145, 0, 0, 0, 52), 
(1000003, 10148, 0, 0, 0, 42), 
(1000003, 10149, 0, 0, 0, 48), 
(1000003, 10150, 0, 0, 0, 54), 
(1000003, 10151, 0, 0, 0, 60), 
(1000003, 10156, 0, 0, 0, 42), 
(1000003, 10157, 0, 0, 0, 56), 
(1000003, 10159, 0, 0, 0, 42), 
(1000003, 10160, 0, 0, 0, 50), 
(1000003, 10161, 0, 0, 0, 58), 
(1000003, 10169, 0, 0, 0, 42), 
(1000003, 10170, 0, 0, 0, 54), 
(1000003, 10173, 0, 0, 0, 48), 
(1000003, 10174, 0, 0, 0, 60), 
(1000003, 10177, 0, 0, 0, 52), 
(1000003, 10179, 0, 0, 0, 44), 
(1000003, 10180, 0, 0, 0, 50), 
(1000003, 10181, 0, 0, 0, 56), 
(1000003, 10185, 0, 0, 0, 44), 
(1000003, 10186, 0, 0, 0, 52), 
(1000003, 10187, 0, 0, 0, 60), 
(1000003, 10191, 0, 0, 0, 44), 
(1000003, 10192, 0, 0, 0, 52), 
(1000003, 10193, 0, 0, 0, 60), 
(1000003, 10197, 0, 0, 0, 46), 
(1000003, 10199, 0, 0, 0, 54), 
(1000003, 10201, 0, 0, 0, 46), 
(1000003, 10202, 0, 0, 0, 54), 
(1000003, 10205, 0, 0, 0, 46), 
(1000003, 10206, 0, 0, 0, 52), 
(1000003, 10207, 0, 0, 0, 58), 
(1000003, 10211, 0, 0, 0, 48), 
(1000003, 10212, 0, 0, 0, 56), 
(1000003, 10215, 0, 0, 0, 48), 
(1000003, 10216, 0, 0, 0, 56), 
(1000003, 10219, 0, 0, 0, 50), 
(1000003, 10220, 0, 0, 0, 60), 
(1000003, 10223, 0, 0, 0, 50), 
(1000003, 10225, 0, 0, 0, 60), 
(1000003, 10230, 0, 0, 0, 54), 
(1000003, 11416, 0, 0, 0, 40), 
(1000003, 12051, 0, 0, 0, 20), 
(1000003, 12505, 0, 0, 0, 24), 
(1000003, 12522, 0, 0, 0, 30), 
(1000003, 12523, 0, 0, 0, 36), 
(1000003, 12524, 0, 0, 0, 42), 
(1000003, 12525, 0, 0, 0, 48), 
(1000003, 12526, 0, 0, 0, 54), 
(1000003, 12824, 0, 0, 0, 20), 
(1000003, 12825, 0, 0, 0, 40), 
(1000003, 12826, 0, 0, 0, 60), 
(1000003, 13018, 0, 0, 0, 36), 
(1000003, 13019, 0, 0, 0, 44), 
(1000003, 13020, 0, 0, 0, 52), 
(1000003, 13021, 0, 0, 0, 60), 
(1000003, 13031, 0, 0, 0, 46), 
(1000003, 13032, 0, 0, 0, 52), 
(1000003, 13033, 0, 0, 0, 58), 
(1000003, 18809, 0, 0, 0, 60), 
(1000003, 22782, 0, 0, 0, 46), 
(1000003, 22783, 0, 0, 0, 58), 
(1000003, 23028, 0, 0, 0, 56), 
(1000003, 25304, 0, 0, 0, 60), 
(1000003, 25306, 0, 0, 0, 62), 
(1000003, 25345, 0, 0, 0, 60), 
(1000003, 27070, 0, 0, 0, 66), 
(1000003, 27071, 0, 0, 0, 63), 
(1000003, 27072, 0, 0, 0, 69), 
(1000003, 27073, 0, 0, 0, 65), 
(1000003, 27074, 0, 0, 0, 70), 
(1000003, 27075, 0, 0, 0, 63), 
(1000003, 27078, 0, 0, 0, 61), 
(1000003, 27079, 0, 0, 0, 70), 
(1000003, 27080, 0, 0, 0, 62), 
(1000003, 27082, 0, 0, 0, 70), 
(1000003, 27085, 0, 0, 0, 68), 
(1000003, 27086, 0, 0, 0, 64), 
(1000003, 27087, 0, 0, 0, 65), 
(1000003, 27088, 0, 0, 0, 67), 
(1000003, 27090, 0, 0, 0, 70), 
(1000003, 27101, 0, 0, 0, 68), 
(1000003, 27124, 0, 0, 0, 69), 
(1000003, 27125, 0, 0, 0, 69), 
(1000003, 27126, 0, 0, 0, 70), 
(1000003, 27128, 0, 0, 0, 69),
(1000003, 27127, 0, 0, 0, 70), 
(1000003, 27130, 0, 0, 0, 63), 
(1000003, 27131, 0, 0, 0, 68), 
(1000003, 27132, 0, 0, 0, 66), 
(1000003, 27133, 0, 0, 0, 65), 
(1000003, 27134, 0, 0, 0, 64), 
(1000003, 28609, 0, 0, 0, 60), 
(1000003, 28612, 0, 0, 0, 60), 
(1000003, 30449, 0, 0, 0, 70), 
(1000003, 30451, 0, 0, 0, 64), 
(1000003, 30455, 0, 0, 0, 66), 
(1000003, 30482, 0, 0, 0, 62), 
(1000003, 32796, 0, 0, 0, 70), 
(1000003, 33041, 0, 0, 0, 56), 
(1000003, 33042, 0, 0, 0, 64), 
(1000003, 33043, 0, 0, 0, 70), 
(1000003, 33405, 0, 0, 0, 70), 
(1000003, 33717, 0, 0, 0, 70), 
(1000003, 33933, 0, 0, 0, 70), 
(1000003, 33938, 0, 0, 0, 70), 
(1000003, 33944, 0, 0, 0, 67), 
(1000003, 33946, 0, 0, 0, 69), 
(1000003, 37420, 0, 0, 0, 65), 
(1000003, 38692, 0, 0, 0, 70), 
(1000003, 38697, 0, 0, 0, 70), 
(1000003, 38699, 0, 0, 0, 69), 
(1000003, 38704, 0, 0, 0, 70), 
(1000003, 42832, 0, 0, 0, 74), 
(1000003, 42833, 0, 0, 0, 78), 
(1000003, 42841, 0, 0, 0, 75), 
(1000003, 42842, 0, 0, 0, 79), 
(1000003, 42843, 0, 0, 0, 75), 
(1000003, 42846, 0, 0, 0, 79), 
(1000003, 42858, 0, 0, 0, 73), 
(1000003, 42859, 0, 0, 0, 78), 
(1000003, 42872, 0, 0, 0, 74), 
(1000003, 42873, 0, 0, 0, 80), 
(1000003, 42890, 0, 0, 0, 73), 
(1000003, 42891, 0, 0, 0, 77), 
(1000003, 42894, 0, 0, 0, 71), 
(1000003, 42896, 0, 0, 0, 76), 
(1000003, 42897, 0, 0, 0, 80), 
(1000003, 42913, 0, 0, 0, 72), 
(1000003, 42914, 0, 0, 0, 78), 
(1000003, 42917, 0, 0, 0, 75), 
(1000003, 42920, 0, 0, 0, 76), 
(1000003, 42921, 0, 0, 0, 80), 
(1000003, 42925, 0, 0, 0, 72), 
(1000003, 42926, 0, 0, 0, 79), 
(1000003, 42930, 0, 0, 0, 72), 
(1000003, 42931, 0, 0, 0, 79), 
(1000003, 42939, 0, 0, 0, 74), 
(1000003, 42940, 0, 0, 0, 80), 
(1000003, 42944, 0, 0, 0, 75), 
(1000003, 42945, 0, 0, 0, 80), 
(1000003, 42949, 0, 0, 0, 75), 
(1000003, 42950, 0, 0, 0, 80), 
(1000003, 42955, 0, 0, 0, 75), 
(1000003, 42956, 0, 0, 0, 80), 
(1000003, 42985, 0, 0, 0, 77), 
(1000003, 42995, 0, 0, 0, 80), 
(1000003, 43002, 0, 0, 0, 80), 
(1000003, 43008, 0, 0, 0, 79), 
(1000003, 43010, 0, 0, 0, 78), 
(1000003, 43012, 0, 0, 0, 79), 
(1000003, 43015, 0, 0, 0, 76), 
(1000003, 43017, 0, 0, 0, 77), 
(1000003, 43019, 0, 0, 0, 73), 
(1000003, 43020, 0, 0, 0, 79), 
(1000003, 43023, 0, 0, 0, 71), 
(1000003, 43024, 0, 0, 0, 79), 
(1000003, 43038, 0, 0, 0, 75), 
(1000003, 43039, 0, 0, 0, 80), 
(1000003, 43045, 0, 0, 0, 71), 
(1000003, 43046, 0, 0, 0, 79), 
(1000003, 43987, 0, 0, 0, 70), 
(1000003, 44614, 0, 0, 0, 75), 
(1000003, 44780, 0, 0, 0, 70), 
(1000003, 44781, 0, 0, 0, 80), 
(1000003, 45438, 0, 0, 0, 30), 
(1000003, 47610, 0, 0, 0, 80), 
(1000003, 55342, 0, 0, 0, 80), 
(1000003, 55359, 0, 0, 0, 70), 
(1000003, 55360, 0, 0, 0, 80), 
(1000003, 58659, 0, 0, 0, 80), 
(1000003, 10140, 0, 0, 0, 60), 
(1000003, 61024, 0, 0, 0, 80), 
(1000003, 28272, 0, 0, 0, 60), 
(1000003, 53140, 0, 0, 0, 71), 
(1000003, 17, 0, 0, 0, 6), 
(1000003, 139, 0, 0, 0, 8), 
(1000003, 453, 0, 0, 0, 20), 
(1000003, 527, 0, 0, 0, 18), 
(1000003, 528, 0, 0, 0, 14), 
(1000003, 552, 0, 0, 0, 32), 
(1000003, 586, 0, 0, 0, 8), 
(1000003, 588, 0, 0, 0, 12), 
(1000003, 589, 0, 0, 0, 4), 
(1000003, 591, 0, 0, 0, 6), 
(1000003, 592, 0, 0, 0, 12), 
(1000003, 594, 0, 0, 0, 10), 
(1000003, 596, 0, 0, 0, 30), 
(1000003, 598, 0, 0, 0, 14), 
(1000003, 600, 0, 0, 0, 18), 
(1000003, 602, 0, 0, 0, 30), 
(1000003, 605, 0, 0, 0, 30), 
(1000003, 970, 0, 0, 0, 18), 
(1000003, 976, 0, 0, 0, 30), 
(1000003, 984, 0, 0, 0, 22), 
(1000003, 988, 0, 0, 0, 36), 
(1000003, 992, 0, 0, 0, 26), 
(1000003, 996, 0, 0, 0, 40), 
(1000003, 1004, 0, 0, 0, 30), 
(1000003, 1006, 0, 0, 0, 40), 
(1000003, 1243, 0, 0, 0, 0), 
(1000003, 1244, 0, 0, 0, 12), 
(1000003, 1245, 0, 0, 0, 24), 
(1000003, 1706, 0, 0, 0, 34), 
(1000003, 2006, 0, 0, 0, 10), 
(1000003, 2010, 0, 0, 0, 22), 
(1000003, 2052, 0, 0, 0, 4), 
(1000003, 2053, 0, 0, 0, 10), 
(1000003, 2054, 0, 0, 0, 16), 
(1000003, 2055, 0, 0, 0, 22), 
(1000003, 2060, 0, 0, 0, 40), 
(1000003, 2061, 0, 0, 0, 20), 
(1000003, 2096, 0, 0, 0, 22), 
(1000003, 2767, 0, 0, 0, 34), 
(1000003, 2791, 0, 0, 0, 36), 
(1000003, 3747, 0, 0, 0, 24), 
(1000003, 6060, 0, 0, 0, 38), 
(1000003, 6063, 0, 0, 0, 28), 
(1000003, 6064, 0, 0, 0, 34), 
(1000003, 6065, 0, 0, 0, 30), 
(1000003, 6066, 0, 0, 0, 36), 
(1000003, 6074, 0, 0, 0, 14), 
(1000003, 6075, 0, 0, 0, 20), 
(1000003, 6076, 0, 0, 0, 26), 
(1000003, 6077, 0, 0, 0, 32), 
(1000003, 6078, 0, 0, 0, 38), 
(1000003, 7128, 0, 0, 0, 20), 
(1000003, 8092, 0, 0, 0, 10), 
(1000003, 8102, 0, 0, 0, 16), 
(1000003, 8103, 0, 0, 0, 22), 
(1000003, 8104, 0, 0, 0, 28), 
(1000003, 8105, 0, 0, 0, 34), 
(1000003, 8106, 0, 0, 0, 40), 
(1000003, 8122, 0, 0, 0, 14), 
(1000003, 8124, 0, 0, 0, 28), 
(1000003, 8129, 0, 0, 0, 24), 
(1000003, 9472, 0, 0, 0, 26), 
(1000003, 9473, 0, 0, 0, 32), 
(1000003, 9474, 0, 0, 0, 38), 
(1000003, 9484, 0, 0, 0, 20), 
(1000003, 9485, 0, 0, 0, 40), 
(1000003, 10880, 0, 0, 0, 34), 
(1000003, 10881, 0, 0, 0, 46), 
(1000003, 10888, 0, 0, 0, 42), 
(1000003, 10890, 0, 0, 0, 56), 
(1000003, 10892, 0, 0, 0, 42), 
(1000003, 10893, 0, 0, 0, 50), 
(1000003, 10894, 0, 0, 0, 58), 
(1000003, 10898, 0, 0, 0, 42), 
(1000003, 10899, 0, 0, 0, 48), 
(1000003, 10900, 0, 0, 0, 54), 
(1000003, 10901, 0, 0, 0, 60), 
(1000003, 10909, 0, 0, 0, 44), 
(1000003, 10915, 0, 0, 0, 44), 
(1000003, 10916, 0, 0, 0, 50), 
(1000003, 10917, 0, 0, 0, 56), 
(1000003, 10927, 0, 0, 0, 44), 
(1000003, 10928, 0, 0, 0, 50), 
(1000003, 10929, 0, 0, 0, 56), 
(1000003, 10933, 0, 0, 0, 46), 
(1000003, 10934, 0, 0, 0, 54), 
(1000003, 10937, 0, 0, 0, 48), 
(1000003, 10938, 0, 0, 0, 60), 
(1000003, 10945, 0, 0, 0, 46), 
(1000003, 10946, 0, 0, 0, 52), 
(1000003, 10947, 0, 0, 0, 58), 
(1000003, 10951, 0, 0, 0, 50), 
(1000003, 10952, 0, 0, 0, 60), 
(1000003, 10955, 0, 0, 0, 60), 
(1000003, 10957, 0, 0, 0, 42), 
(1000003, 10958, 0, 0, 0, 56), 
(1000003, 10960, 0, 0, 0, 50), 
(1000003, 10961, 0, 0, 0, 60), 
(1000003, 10963, 0, 0, 0, 46), 
(1000003, 10964, 0, 0, 0, 52), 
(1000003, 10965, 0, 0, 0, 58), 
(1000003, 14752, 0, 0, 0, 30), 
(1000003, 14818, 0, 0, 0, 40), 
(1000003, 14819, 0, 0, 0, 50), 
(1000003, 14914, 0, 0, 0, 20), 
(1000003, 15237, 0, 0, 0, 20), 
(1000003, 15261, 0, 0, 0, 60), 
(1000003, 15262, 0, 0, 0, 24), 
(1000003, 15263, 0, 0, 0, 30), 
(1000003, 15264, 0, 0, 0, 36), 
(1000003, 15265, 0, 0, 0, 42), 
(1000003, 15266, 0, 0, 0, 48), 
(1000003, 15267, 0, 0, 0, 54), 
(1000003, 15430, 0, 0, 0, 28), 
(1000003, 15431, 0, 0, 0, 36), 
(1000003, 17311, 0, 0, 0, 28), 
(1000003, 17312, 0, 0, 0, 36), 
(1000003, 17313, 0, 0, 0, 44), 
(1000003, 17314, 0, 0, 0, 52), 
(1000003, 18807, 0, 0, 0, 60), 
(1000003, 19238, 0, 0, 0, 26), 
(1000003, 19240, 0, 0, 0, 34), 
(1000003, 19241, 0, 0, 0, 42), 
(1000003, 19242, 0, 0, 0, 50), 
(1000003, 19243, 0, 0, 0, 58), 
(1000003, 19276, 0, 0, 0, 28), 
(1000003, 19277, 0, 0, 0, 36), 
(1000003, 19278, 0, 0, 0, 44), 
(1000003, 19279, 0, 0, 0, 52), 
(1000003, 19280, 0, 0, 0, 60), 
(1000003, 20770, 0, 0, 0, 58), 
(1000003, 21562, 0, 0, 0, 48), 
(1000003, 21564, 0, 0, 0, 60), 
(1000003, 25210, 0, 0, 0, 63), 
(1000003, 25213, 0, 0, 0, 68), 
(1000003, 25217, 0, 0, 0, 65), 
(1000003, 25218, 0, 0, 0, 70), 
(1000003, 25221, 0, 0, 0, 65), 
(1000003, 25222, 0, 0, 0, 70), 
(1000003, 25233, 0, 0, 0, 61), 
(1000003, 25235, 0, 0, 0, 67), 
(1000003, 25308, 0, 0, 0, 68), 
(1000003, 25312, 0, 0, 0, 70), 
(1000003, 25314, 0, 0, 0, 60), 
(1000003, 25315, 0, 0, 0, 60), 
(1000003, 25316, 0, 0, 0, 60), 
(1000003, 25331, 0, 0, 0, 68), 
(1000003, 25363, 0, 0, 0, 61), 
(1000003, 25364, 0, 0, 0, 69), 
(1000003, 25367, 0, 0, 0, 65), 
(1000003, 25368, 0, 0, 0, 70), 
(1000003, 25372, 0, 0, 0, 63), 
(1000003, 25375, 0, 0, 0, 69), 
(1000003, 25384, 0, 0, 0, 66), 
(1000003, 25387, 0, 0, 0, 68), 
(1000003, 25389, 0, 0, 0, 70), 
(1000003, 25392, 0, 0, 0, 70), 
(1000003, 25431, 0, 0, 0, 69), 
(1000003, 25433, 0, 0, 0, 68), 
(1000003, 25435, 0, 0, 0, 68), 
(1000003, 25437, 0, 0, 0, 66), 
(1000003, 25467, 0, 0, 0, 68), 
(1000003, 27681, 0, 0, 0, 60), 
(1000003, 27683, 0, 0, 0, 56), 
(1000003, 27799, 0, 0, 0, 44), 
(1000003, 27800, 0, 0, 0, 52), 
(1000003, 27801, 0, 0, 0, 60), 
(1000003, 27841, 0, 0, 0, 60), 
(1000003, 27870, 0, 0, 0, 50), 
(1000003, 27871, 0, 0, 0, 60), 
(1000003, 28275, 0, 0, 0, 70), 
(1000003, 32375, 0, 0, 0, 70), 
(1000003, 32379, 0, 0, 0, 62), 
(1000003, 32546, 0, 0, 0, 64), 
(1000003, 32996, 0, 0, 0, 70), 
(1000003, 32999, 0, 0, 0, 70), 
(1000003, 33076, 0, 0, 0, 68), 
(1000003, 34433, 0, 0, 0, 66), 
(1000003, 34863, 0, 0, 0, 56), 
(1000003, 34864, 0, 0, 0, 60), 
(1000003, 34865, 0, 0, 0, 65), 
(1000003, 34866, 0, 0, 0, 70), 
(1000003, 34916, 0, 0, 0, 60), 
(1000003, 34917, 0, 0, 0, 70), 
(1000003, 39374, 0, 0, 0, 70), 
(1000003, 48040, 0, 0, 0, 71), 
(1000003, 48045, 0, 0, 0, 75), 
(1000003, 48062, 0, 0, 0, 73), 
(1000003, 48063, 0, 0, 0, 78), 
(1000003, 48065, 0, 0, 0, 75), 
(1000003, 48066, 0, 0, 0, 80), 
(1000003, 48067, 0, 0, 0, 75), 
(1000003, 48068, 0, 0, 0, 80), 
(1000003, 48070, 0, 0, 0, 73), 
(1000003, 48071, 0, 0, 0, 79), 
(1000003, 48072, 0, 0, 0, 76), 
(1000003, 48073, 0, 0, 0, 80), 
(1000003, 48074, 0, 0, 0, 80), 
(1000003, 48077, 0, 0, 0, 75), 
(1000003, 48078, 0, 0, 0, 80), 
(1000003, 48086, 0, 0, 0, 75), 
(1000003, 48087, 0, 0, 0, 80), 
(1000003, 48088, 0, 0, 0, 75), 
(1000003, 48089, 0, 0, 0, 80), 
(1000003, 48112, 0, 0, 0, 74), 
(1000003, 48113, 0, 0, 0, 79), 
(1000003, 48119, 0, 0, 0, 72), 
(1000003, 48120, 0, 0, 0, 78), 
(1000003, 48122, 0, 0, 0, 74), 
(1000003, 48123, 0, 0, 0, 79), 
(1000003, 48124, 0, 0, 0, 75), 
(1000003, 48125, 0, 0, 0, 80), 
(1000003, 48126, 0, 0, 0, 74), 
(1000003, 48127, 0, 0, 0, 79), 
(1000003, 48134, 0, 0, 0, 72), 
(1000003, 48135, 0, 0, 0, 78), 
(1000003, 48155, 0, 0, 0, 74), 
(1000003, 48156, 0, 0, 0, 80), 
(1000003, 48157, 0, 0, 0, 75), 
(1000003, 48158, 0, 0, 0, 80), 
(1000003, 48159, 0, 0, 0, 75), 
(1000003, 48160, 0, 0, 0, 80), 
(1000003, 48161, 0, 0, 0, 80), 
(1000003, 48162, 0, 0, 0, 80), 
(1000003, 48168, 0, 0, 0, 77), 
(1000003, 48169, 0, 0, 0, 76), 
(1000003, 48170, 0, 0, 0, 77), 
(1000003, 48171, 0, 0, 0, 78), 
(1000003, 48172, 0, 0, 0, 73), 
(1000003, 48173, 0, 0, 0, 80), 
(1000003, 48299, 0, 0, 0, 73), 
(1000003, 48300, 0, 0, 0, 79), 
(1000003, 53005, 0, 0, 0, 70), 
(1000003, 53006, 0, 0, 0, 75), 
(1000003, 53007, 0, 0, 0, 80), 
(1000003, 53023, 0, 0, 0, 80), 
(1000003, 64843, 0, 0, 0, 80), 
(1000003, 64901, 0, 0, 0, 60), 
(1000003, 6346, 0, 0, 0, 20), 
(1000003, 2944, 0, 0, 0, 20), 
(1000003, 131, 0, 0, 0, 22), 
(1000003, 324, 0, 0, 0, 8), 
(1000003, 325, 0, 0, 0, 16), 
(1000003, 332, 0, 0, 0, 6), 
(1000003, 370, 0, 0, 0, 12), 
(1000003, 421, 0, 0, 0, 32), 
(1000003, 526, 0, 0, 0, 16), 
(1000003, 529, 0, 0, 0, 8), 
(1000003, 546, 0, 0, 0, 28), 
(1000003, 547, 0, 0, 0, 12), 
(1000003, 548, 0, 0, 0, 14), 
(1000003, 556, 0, 0, 0, 30), 
(1000003, 905, 0, 0, 0, 24), 
(1000003, 913, 0, 0, 0, 18), 
(1000003, 915, 0, 0, 0, 20), 
(1000003, 930, 0, 0, 0, 40), 
(1000003, 939, 0, 0, 0, 24), 
(1000003, 943, 0, 0, 0, 26), 
(1000003, 945, 0, 0, 0, 32), 
(1000003, 959, 0, 0, 0, 32), 
(1000003, 1064, 0, 0, 0, 40), 
(1000003, 1535, 0, 0, 0, 12), 
(1000003, 2008, 0, 0, 0, 12), 
(1000003, 2062, 0, 0, 0, 66), 
(1000003, 2484, 0, 0, 0, 6), 
(1000003, 2645, 0, 0, 0, 16), 
(1000003, 2825, 0, 0, 0, 70), 
(1000003, 2860, 0, 0, 0, 48), 
(1000003, 2894, 0, 0, 0, 68), 
(1000003, 3738, 0, 0, 0, 64), 
(1000003, 5675, 0, 0, 0, 26), 
(1000003, 5730, 0, 0, 0, 8), 
(1000003, 6041, 0, 0, 0, 32), 
(1000003, 6196, 0, 0, 0, 26), 
(1000003, 6363, 0, 0, 0, 20), 
(1000003, 6364, 0, 0, 0, 30), 
(1000003, 6365, 0, 0, 0, 40), 
(1000003, 6375, 0, 0, 0, 30), 
(1000003, 6377, 0, 0, 0, 40), 
(1000003, 6390, 0, 0, 0, 18), 
(1000003, 6391, 0, 0, 0, 28), 
(1000003, 6392, 0, 0, 0, 38), 
(1000003, 6495, 0, 0, 0, 34), 
(1000003, 8004, 0, 0, 0, 20), 
(1000003, 8005, 0, 0, 0, 40), 
(1000003, 8008, 0, 0, 0, 28), 
(1000003, 8010, 0, 0, 0, 36), 
(1000003, 8012, 0, 0, 0, 32), 
(1000003, 8017, 0, 0, 0, 0), 
(1000003, 8018, 0, 0, 0, 8), 
(1000003, 8019, 0, 0, 0, 16), 
(1000003, 8024, 0, 0, 0, 10), 
(1000003, 8027, 0, 0, 0, 18), 
(1000003, 8030, 0, 0, 0, 26), 
(1000003, 8033, 0, 0, 0, 20), 
(1000003, 8038, 0, 0, 0, 28), 
(1000003, 8042, 0, 0, 0, 4), 
(1000003, 8044, 0, 0, 0, 8), 
(1000003, 8045, 0, 0, 0, 14), 
(1000003, 8046, 0, 0, 0, 24), 
(1000003, 8050, 0, 0, 0, 10), 
(1000003, 8052, 0, 0, 0, 18), 
(1000003, 8053, 0, 0, 0, 28), 
(1000003, 8056, 0, 0, 0, 20), 
(1000003, 8058, 0, 0, 0, 34), 
(1000003, 8075, 0, 0, 0, 10), 
(1000003, 8134, 0, 0, 0, 40), 
(1000003, 8143, 0, 0, 0, 18), 
(1000003, 8154, 0, 0, 0, 14), 
(1000003, 8155, 0, 0, 0, 24), 
(1000003, 8160, 0, 0, 0, 24), 
(1000003, 8161, 0, 0, 0, 38), 
(1000003, 8170, 0, 0, 0, 38), 
(1000003, 8177, 0, 0, 0, 30), 
(1000003, 8181, 0, 0, 0, 24), 
(1000003, 8184, 0, 0, 0, 28), 
(1000003, 8190, 0, 0, 0, 26), 
(1000003, 8227, 0, 0, 0, 28), 
(1000003, 8232, 0, 0, 0, 30), 
(1000003, 8235, 0, 0, 0, 40), 
(1000003, 8249, 0, 0, 0, 38), 
(1000003, 8498, 0, 0, 0, 22), 
(1000003, 8499, 0, 0, 0, 32), 
(1000003, 8512, 0, 0, 0, 32), 
(1000003, 8737, 0, 0, 0, 40), 
(1000003, 10391, 0, 0, 0, 38), 
(1000003, 10392, 0, 0, 0, 44), 
(1000003, 10395, 0, 0, 0, 48), 
(1000003, 10396, 0, 0, 0, 56), 
(1000003, 10399, 0, 0, 0, 24), 
(1000003, 10406, 0, 0, 0, 34), 
(1000003, 10407, 0, 0, 0, 44), 
(1000003, 10408, 0, 0, 0, 54), 
(1000003, 10412, 0, 0, 0, 36), 
(1000003, 10413, 0, 0, 0, 48), 
(1000003, 10414, 0, 0, 0, 60), 
(1000003, 10427, 0, 0, 0, 48), 
(1000003, 10428, 0, 0, 0, 58), 
(1000003, 10431, 0, 0, 0, 48), 
(1000003, 10432, 0, 0, 0, 56), 
(1000003, 10437, 0, 0, 0, 50), 
(1000003, 10438, 0, 0, 0, 60), 
(1000003, 10442, 0, 0, 0, 52), 
(1000003, 10447, 0, 0, 0, 40), 
(1000003, 10448, 0, 0, 0, 52), 
(1000003, 10456, 0, 0, 0, 38), 
(1000003, 10462, 0, 0, 0, 50), 
(1000003, 10463, 0, 0, 0, 60), 
(1000003, 10466, 0, 0, 0, 44), 
(1000003, 10467, 0, 0, 0, 52), 
(1000003, 10468, 0, 0, 0, 60), 
(1000003, 10472, 0, 0, 0, 46), 
(1000003, 10473, 0, 0, 0, 58), 
(1000003, 10478, 0, 0, 0, 38), 
(1000003, 10479, 0, 0, 0, 54), 
(1000003, 10486, 0, 0, 0, 50), 
(1000003, 10495, 0, 0, 0, 36), 
(1000003, 10496, 0, 0, 0, 46), 
(1000003, 10497, 0, 0, 0, 56), 
(1000003, 10526, 0, 0, 0, 48), 
(1000003, 10537, 0, 0, 0, 42), 
(1000003, 10538, 0, 0, 0, 58), 
(1000003, 10585, 0, 0, 0, 36), 
(1000003, 10586, 0, 0, 0, 46), 
(1000003, 10587, 0, 0, 0, 56), 
(1000003, 10595, 0, 0, 0, 30), 
(1000003, 10600, 0, 0, 0, 44), 
(1000003, 10601, 0, 0, 0, 60), 
(1000003, 10605, 0, 0, 0, 56), 
(1000003, 10622, 0, 0, 0, 46), 
(1000003, 10623, 0, 0, 0, 54), 
(1000003, 11314, 0, 0, 0, 42), 
(1000003, 11315, 0, 0, 0, 52), 
(1000003, 15207, 0, 0, 0, 50), 
(1000003, 15208, 0, 0, 0, 56), 
(1000003, 16339, 0, 0, 0, 36), 
(1000003, 16341, 0, 0, 0, 46), 
(1000003, 16342, 0, 0, 0, 56), 
(1000003, 16355, 0, 0, 0, 48), 
(1000003, 16356, 0, 0, 0, 58), 
(1000003, 16362, 0, 0, 0, 60), 
(1000003, 16387, 0, 0, 0, 58), 
(1000003, 20608, 0, 0, 0, 30), 
(1000003, 20609, 0, 0, 0, 24), 
(1000003, 20610, 0, 0, 0, 36), 
(1000003, 20776, 0, 0, 0, 48), 
(1000003, 20777, 0, 0, 0, 60), 
(1000003, 24398, 0, 0, 0, 62), 
(1000003, 25357, 0, 0, 0, 60), 
(1000003, 25361, 0, 0, 0, 60), 
(1000003, 25391, 0, 0, 0, 63), 
(1000003, 25396, 0, 0, 0, 70), 
(1000003, 25420, 0, 0, 0, 66), 
(1000003, 25422, 0, 0, 0, 61), 
(1000003, 25423, 0, 0, 0, 68), 
(1000003, 25439, 0, 0, 0, 63), 
(1000003, 25442, 0, 0, 0, 70), 
(1000003, 25448, 0, 0, 0, 62), 
(1000003, 25449, 0, 0, 0, 67), 
(1000003, 25454, 0, 0, 0, 69), 
(1000003, 25457, 0, 0, 0, 70), 
(1000003, 25464, 0, 0, 0, 68), 
(1000003, 25469, 0, 0, 0, 63), 
(1000003, 25472, 0, 0, 0, 70), 
(1000003, 25489, 0, 0, 0, 64), 
(1000003, 25500, 0, 0, 0, 66), 
(1000003, 25505, 0, 0, 0, 68), 
(1000003, 25508, 0, 0, 0, 63), 
(1000003, 25509, 0, 0, 0, 70), 
(1000003, 25525, 0, 0, 0, 67), 
(1000003, 25528, 0, 0, 0, 65), 
(1000003, 25533, 0, 0, 0, 69), 
(1000003, 25546, 0, 0, 0, 61), 
(1000003, 25547, 0, 0, 0, 70), 
(1000003, 25552, 0, 0, 0, 65), 
(1000003, 25557, 0, 0, 0, 67), 
(1000003, 25560, 0, 0, 0, 67), 
(1000003, 25563, 0, 0, 0, 68), 
(1000003, 25567, 0, 0, 0, 69), 
(1000003, 25570, 0, 0, 0, 65), 
(1000003, 25574, 0, 0, 0, 69), 
(1000003, 25590, 0, 0, 0, 69), 
(1000003, 29228, 0, 0, 0, 60), 
(1000003, 32593, 0, 0, 0, 60), 
(1000003, 32594, 0, 0, 0, 70), 
(1000003, 33736, 0, 0, 0, 69), 
(1000003, 36936, 0, 0, 0, 30), 
(1000003, 49230, 0, 0, 0, 74), 
(1000003, 49231, 0, 0, 0, 79), 
(1000003, 49232, 0, 0, 0, 75), 
(1000003, 49233, 0, 0, 0, 80), 
(1000003, 49235, 0, 0, 0, 73), 
(1000003, 49236, 0, 0, 0, 78), 
(1000003, 49237, 0, 0, 0, 73), 
(1000003, 49238, 0, 0, 0, 79), 
(1000003, 49270, 0, 0, 0, 74), 
(1000003, 49271, 0, 0, 0, 80), 
(1000003, 49272, 0, 0, 0, 75), 
(1000003, 49273, 0, 0, 0, 80), 
(1000003, 49275, 0, 0, 0, 72), 
(1000003, 49276, 0, 0, 0, 77), 
(1000003, 49277, 0, 0, 0, 80), 
(1000003, 49280, 0, 0, 0, 75), 
(1000003, 49281, 0, 0, 0, 80), 
(1000003, 49283, 0, 0, 0, 75), 
(1000003, 49284, 0, 0, 0, 80), 
(1000003, 51505, 0, 0, 0, 75), 
(1000003, 51514, 0, 0, 0, 80), 
(1000003, 51730, 0, 0, 0, 30), 
(1000003, 51988, 0, 0, 0, 40), 
(1000003, 51991, 0, 0, 0, 50), 
(1000003, 51992, 0, 0, 0, 60), 
(1000003, 51993, 0, 0, 0, 70), 
(1000003, 51994, 0, 0, 0, 80), 
(1000003, 52127, 0, 0, 0, 20), 
(1000003, 52129, 0, 0, 0, 28), 
(1000003, 52131, 0, 0, 0, 34), 
(1000003, 52134, 0, 0, 0, 41), 
(1000003, 52136, 0, 0, 0, 48), 
(1000003, 52138, 0, 0, 0, 55), 
(1000003, 55458, 0, 0, 0, 74), 
(1000003, 55459, 0, 0, 0, 80), 
(1000003, 57622, 0, 0, 0, 75), 
(1000003, 57720, 0, 0, 0, 60), 
(1000003, 57721, 0, 0, 0, 70), 
(1000003, 57722, 0, 0, 0, 80), 
(1000003, 57960, 0, 0, 0, 76), 
(1000003, 57994, 0, 0, 0, 16), 
(1000003, 58580, 0, 0, 0, 71), 
(1000003, 58581, 0, 0, 0, 75), 
(1000003, 58582, 0, 0, 0, 78), 
(1000003, 58643, 0, 0, 0, 80), 
(1000003, 58649, 0, 0, 0, 71), 
(1000003, 58652, 0, 0, 0, 75), 
(1000003, 58656, 0, 0, 0, 80), 
(1000003, 58699, 0, 0, 0, 71), 
(1000003, 58703, 0, 0, 0, 75), 
(1000003, 58704, 0, 0, 0, 80), 
(1000003, 58731, 0, 0, 0, 73), 
(1000003, 58734, 0, 0, 0, 78), 
(1000003, 58737, 0, 0, 0, 75), 
(1000003, 58739, 0, 0, 0, 80), 
(1000003, 58741, 0, 0, 0, 75), 
(1000003, 58745, 0, 0, 0, 80), 
(1000003, 58746, 0, 0, 0, 75), 
(1000003, 58749, 0, 0, 0, 80), 
(1000003, 58751, 0, 0, 0, 73), 
(1000003, 58753, 0, 0, 0, 78), 
(1000003, 58755, 0, 0, 0, 71), 
(1000003, 58756, 0, 0, 0, 76), 
(1000003, 58757, 0, 0, 0, 80), 
(1000003, 58771, 0, 0, 0, 71), 
(1000003, 58773, 0, 0, 0, 76), 
(1000003, 58774, 0, 0, 0, 80), 
(1000003, 58785, 0, 0, 0, 71), 
(1000003, 58789, 0, 0, 0, 76), 
(1000003, 58790, 0, 0, 0, 80), 
(1000003, 58794, 0, 0, 0, 71), 
(1000003, 58795, 0, 0, 0, 76), 
(1000003, 58796, 0, 0, 0, 80), 
(1000003, 58801, 0, 0, 0, 71), 
(1000003, 58803, 0, 0, 0, 76), 
(1000003, 58804, 0, 0, 0, 80), 
(1000003, 59156, 0, 0, 0, 70), 
(1000003, 59158, 0, 0, 0, 75), 
(1000003, 59159, 0, 0, 0, 80), 
(1000003, 60043, 0, 0, 0, 80), 
(1000003, 61299, 0, 0, 0, 70), 
(1000003, 61300, 0, 0, 0, 75), 
(1000003, 61301, 0, 0, 0, 80), 
(1000003, 61649, 0, 0, 0, 75), 
(1000003, 61657, 0, 0, 0, 80), 
(1000003, 66842, 0, 0, 0, 30), 
(1000003, 66843, 0, 0, 0, 40), 
(1000003, 66844, 0, 0, 0, 50), 
(1000003, 3599, 0, 0, 0, 10), 
(1000003, 8071, 0, 0, 0, 4), 
(1000003, 5394, 0, 0, 0, 20), 
(1000003, 32182, 0, 0, 0, 70), 
(1000003, 126, 0, 0, 0, 22), 
(1000003, 132, 0, 0, 0, 26), 
(1000003, 172, 0, 0, 0, 4), 
(1000003, 348, 0, 0, 0, 0), 
(1000003, 603, 0, 0, 0, 60), 
(1000003, 689, 0, 0, 0, 14), 
(1000003, 693, 0, 0, 0, 18), 
(1000003, 695, 0, 0, 0, 6), 
(1000003, 696, 0, 0, 0, 10), 
(1000003, 698, 0, 0, 0, 20), 
(1000003, 699, 0, 0, 0, 22), 
(1000003, 702, 0, 0, 0, 4), 
(1000003, 705, 0, 0, 0, 12), 
(1000003, 706, 0, 0, 0, 20), 
(1000003, 707, 0, 0, 0, 10), 
(1000003, 709, 0, 0, 0, 30), 
(1000003, 710, 0, 0, 0, 28), 
(1000003, 755, 0, 0, 0, 12), 
(1000003, 980, 0, 0, 0, 8), 
(1000003, 1014, 0, 0, 0, 18), 
(1000003, 1086, 0, 0, 0, 30), 
(1000003, 1088, 0, 0, 0, 20), 
(1000003, 1094, 0, 0, 0, 20), 
(1000003, 1098, 0, 0, 0, 30), 
(1000003, 1106, 0, 0, 0, 28), 
(1000003, 1108, 0, 0, 0, 12), 
(1000003, 1120, 0, 0, 0, 10), 
(1000003, 1454, 0, 0, 0, 6), 
(1000003, 1455, 0, 0, 0, 16), 
(1000003, 1456, 0, 0, 0, 26), 
(1000003, 1490, 0, 0, 0, 32), 
(1000003, 1710, 0, 0, 0, 20), 
(1000003, 1949, 0, 0, 0, 30), 
(1000003, 2362, 0, 0, 0, 36), 
(1000003, 2941, 0, 0, 0, 30), 
(1000003, 3698, 0, 0, 0, 20), 
(1000003, 3699, 0, 0, 0, 28), 
(1000003, 3700, 0, 0, 0, 36), 
(1000003, 5138, 0, 0, 0, 24), 
(1000003, 5484, 0, 0, 0, 40), 
(1000003, 5500, 0, 0, 0, 24), 
(1000003, 5676, 0, 0, 0, 18), 
(1000003, 5697, 0, 0, 0, 16), 
(1000003, 5699, 0, 0, 0, 34), 
(1000003, 5740, 0, 0, 0, 20), 
(1000003, 5782, 0, 0, 0, 8), 
(1000003, 6201, 0, 0, 0, 10), 
(1000003, 6202, 0, 0, 0, 22), 
(1000003, 6205, 0, 0, 0, 22), 
(1000003, 6213, 0, 0, 0, 32), 
(1000003, 6215, 0, 0, 0, 56), 
(1000003, 6217, 0, 0, 0, 28), 
(1000003, 6219, 0, 0, 0, 34), 
(1000003, 6222, 0, 0, 0, 14), 
(1000003, 6223, 0, 0, 0, 24), 
(1000003, 6229, 0, 0, 0, 32), 
(1000003, 6353, 0, 0, 0, 48), 
(1000003, 6366, 0, 0, 0, 28), 
(1000003, 6789, 0, 0, 0, 42), 
(1000003, 7641, 0, 0, 0, 36), 
(1000003, 7646, 0, 0, 0, 32), 
(1000003, 7648, 0, 0, 0, 34), 
(1000003, 7651, 0, 0, 0, 38), 
(1000003, 8288, 0, 0, 0, 24), 
(1000003, 8289, 0, 0, 0, 38), 
(1000003, 11659, 0, 0, 0, 44), 
(1000003, 11660, 0, 0, 0, 52), 
(1000003, 11661, 0, 0, 0, 60), 
(1000003, 11665, 0, 0, 0, 40), 
(1000003, 11667, 0, 0, 0, 50), 
(1000003, 11668, 0, 0, 0, 60), 
(1000003, 11671, 0, 0, 0, 44), 
(1000003, 11672, 0, 0, 0, 54), 
(1000003, 11675, 0, 0, 0, 52), 
(1000003, 11677, 0, 0, 0, 46), 
(1000003, 11678, 0, 0, 0, 58), 
(1000003, 11683, 0, 0, 0, 42), 
(1000003, 11684, 0, 0, 0, 54), 
(1000003, 11687, 0, 0, 0, 36), 
(1000003, 11688, 0, 0, 0, 46), 
(1000003, 11689, 0, 0, 0, 56), 
(1000003, 11693, 0, 0, 0, 44), 
(1000003, 11694, 0, 0, 0, 52), 
(1000003, 11695, 0, 0, 0, 60), 
(1000003, 11699, 0, 0, 0, 46), 
(1000003, 11700, 0, 0, 0, 54), 
(1000003, 11707, 0, 0, 0, 42), 
(1000003, 11708, 0, 0, 0, 52), 
(1000003, 11711, 0, 0, 0, 38), 
(1000003, 11712, 0, 0, 0, 48), 
(1000003, 11713, 0, 0, 0, 58), 
(1000003, 11719, 0, 0, 0, 50), 
(1000003, 11721, 0, 0, 0, 46), 
(1000003, 11722, 0, 0, 0, 60), 
(1000003, 11725, 0, 0, 0, 44), 
(1000003, 11726, 0, 0, 0, 58), 
(1000003, 11729, 0, 0, 0, 46), 
(1000003, 11730, 0, 0, 0, 58), 
(1000003, 11733, 0, 0, 0, 40), 
(1000003, 11734, 0, 0, 0, 50), 
(1000003, 11735, 0, 0, 0, 60), 
(1000003, 11739, 0, 0, 0, 42), 
(1000003, 11740, 0, 0, 0, 52), 
(1000003, 17727, 0, 0, 0, 48), 
(1000003, 17728, 0, 0, 0, 60), 
(1000003, 17919, 0, 0, 0, 26), 
(1000003, 17920, 0, 0, 0, 34), 
(1000003, 17921, 0, 0, 0, 42), 
(1000003, 17922, 0, 0, 0, 50), 
(1000003, 17923, 0, 0, 0, 58), 
(1000003, 17924, 0, 0, 0, 56), 
(1000003, 17925, 0, 0, 0, 50), 
(1000003, 17926, 0, 0, 0, 58), 
(1000003, 17928, 0, 0, 0, 54), 
(1000003, 17951, 0, 0, 0, 36), 
(1000003, 17952, 0, 0, 0, 46), 
(1000003, 17953, 0, 0, 0, 56), 
(1000003, 18647, 0, 0, 0, 48), 
(1000003, 18867, 0, 0, 0, 24), 
(1000003, 18868, 0, 0, 0, 32), 
(1000003, 18869, 0, 0, 0, 40), 
(1000003, 18870, 0, 0, 0, 48), 
(1000003, 18871, 0, 0, 0, 56), 
(1000003, 18937, 0, 0, 0, 50), 
(1000003, 18938, 0, 0, 0, 60), 
(1000003, 20752, 0, 0, 0, 30), 
(1000003, 20755, 0, 0, 0, 40), 
(1000003, 20756, 0, 0, 0, 50), 
(1000003, 20757, 0, 0, 0, 60), 
(1000003, 25307, 0, 0, 0, 62), 
(1000003, 25309, 0, 0, 0, 60), 
(1000003, 25311, 0, 0, 0, 60), 
(1000003, 27209, 0, 0, 0, 69), 
(1000003, 27210, 0, 0, 0, 65), 
(1000003, 27211, 0, 0, 0, 64), 
(1000003, 27212, 0, 0, 0, 69), 
(1000003, 27213, 0, 0, 0, 68), 
(1000003, 27215, 0, 0, 0, 69), 
(1000003, 27216, 0, 0, 0, 65), 
(1000003, 27217, 0, 0, 0, 67), 
(1000003, 27218, 0, 0, 0, 67), 
(1000003, 27219, 0, 0, 0, 62), 
(1000003, 27220, 0, 0, 0, 69), 
(1000003, 27222, 0, 0, 0, 68), 
(1000003, 27223, 0, 0, 0, 68), 
(1000003, 27224, 0, 0, 0, 61), 
(1000003, 27228, 0, 0, 0, 69), 
(1000003, 27230, 0, 0, 0, 68), 
(1000003, 27238, 0, 0, 0, 70), 
(1000003, 27243, 0, 0, 0, 70), 
(1000003, 27250, 0, 0, 0, 66), 
(1000003, 27259, 0, 0, 0, 67), 
(1000003, 27260, 0, 0, 0, 70), 
(1000003, 27263, 0, 0, 0, 63), 
(1000003, 27265, 0, 0, 0, 70), 
(1000003, 28172, 0, 0, 0, 66), 
(1000003, 28176, 0, 0, 0, 62), 
(1000003, 28189, 0, 0, 0, 69), 
(1000003, 28610, 0, 0, 0, 60), 
(1000003, 29722, 0, 0, 0, 64), 
(1000003, 29858, 0, 0, 0, 66), 
(1000003, 29893, 0, 0, 0, 68), 
(1000003, 30404, 0, 0, 0, 60), 
(1000003, 30405, 0, 0, 0, 70), 
(1000003, 30413, 0, 0, 0, 60), 
(1000003, 30414, 0, 0, 0, 70), 
(1000003, 30459, 0, 0, 0, 70), 
(1000003, 30545, 0, 0, 0, 70), 
(1000003, 30546, 0, 0, 0, 70), 
(1000003, 30909, 0, 0, 0, 69), 
(1000003, 30910, 0, 0, 0, 70), 
(1000003, 32231, 0, 0, 0, 70), 
(1000003, 47793, 0, 0, 0, 76), 
(1000003, 47808, 0, 0, 0, 74), 
(1000003, 47809, 0, 0, 0, 79), 
(1000003, 47810, 0, 0, 0, 75), 
(1000003, 47811, 0, 0, 0, 80), 
(1000003, 47812, 0, 0, 0, 71), 
(1000003, 47813, 0, 0, 0, 77), 
(1000003, 47814, 0, 0, 0, 74), 
(1000003, 47815, 0, 0, 0, 79), 
(1000003, 47819, 0, 0, 0, 72), 
(1000003, 47820, 0, 0, 0, 79), 
(1000003, 47823, 0, 0, 0, 78), 
(1000003, 47824, 0, 0, 0, 75), 
(1000003, 47825, 0, 0, 0, 80), 
(1000003, 47826, 0, 0, 0, 75), 
(1000003, 47827, 0, 0, 0, 80), 
(1000003, 47835, 0, 0, 0, 75), 
(1000003, 47836, 0, 0, 0, 80), 
(1000003, 47837, 0, 0, 0, 74), 
(1000003, 47838, 0, 0, 0, 80), 
(1000003, 47841, 0, 0, 0, 75), 
(1000003, 47843, 0, 0, 0, 80), 
(1000003, 47846, 0, 0, 0, 75), 
(1000003, 47847, 0, 0, 0, 80), 
(1000003, 47855, 0, 0, 0, 77), 
(1000003, 47856, 0, 0, 0, 76), 
(1000003, 47857, 0, 0, 0, 78), 
(1000003, 47859, 0, 0, 0, 73), 
(1000003, 47860, 0, 0, 0, 78), 
(1000003, 47863, 0, 0, 0, 73), 
(1000003, 47864, 0, 0, 0, 79), 
(1000003, 47865, 0, 0, 0, 78), 
(1000003, 47867, 0, 0, 0, 80), 
(1000003, 47871, 0, 0, 0, 73), 
(1000003, 47878, 0, 0, 0, 79), 
(1000003, 47884, 0, 0, 0, 76), 
(1000003, 47886, 0, 0, 0, 72), 
(1000003, 47888, 0, 0, 0, 78), 
(1000003, 47889, 0, 0, 0, 80), 
(1000003, 47890, 0, 0, 0, 72), 
(1000003, 47891, 0, 0, 0, 78), 
(1000003, 47892, 0, 0, 0, 74), 
(1000003, 47893, 0, 0, 0, 79), 
(1000003, 47897, 0, 0, 0, 75), 
(1000003, 48018, 0, 0, 0, 80), 
(1000003, 48020, 0, 0, 0, 80), 
(1000003, 50511, 0, 0, 0, 71), 
(1000003, 57946, 0, 0, 0, 80), 
(1000003, 58887, 0, 0, 0, 80), 
(1000003, 59092, 0, 0, 0, 80), 
(1000003, 59161, 0, 0, 0, 70), 
(1000003, 59163, 0, 0, 0, 75), 
(1000003, 59164, 0, 0, 0, 80), 
(1000003, 59170, 0, 0, 0, 70), 
(1000003, 59171, 0, 0, 0, 75), 
(1000003, 59172, 0, 0, 0, 80), 
(1000003, 60219, 0, 0, 0, 74), 
(1000003, 60220, 0, 0, 0, 80), 
(1000003, 61191, 0, 0, 0, 72), 
(1000003, 61290, 0, 0, 0, 80), 
(1000003, 688, 0, 0, 0, 1), 
(1000003, 691, 0, 0, 0, 30), 
(1000003, 697, 0, 0, 0, 10), 
(1000003, 712, 0, 0, 0, 20), 
(1000003, 1122, 0, 0, 0, 50), 
(1000003, 5784, 0, 0, 0, 20), 
(1000003, 18540, 0, 0, 0, 60), 
(1000003, 23161, 0, 0, 0, 40), 
(1000003, 72, 0, 0, 0, 12), 
(1000003, 100, 0, 0, 0, 4), 
(1000003, 284, 0, 0, 0, 8), 
(1000003, 285, 0, 0, 0, 16), 
(1000003, 469, 0, 0, 0, 68), 
(1000003, 676, 0, 0, 0, 18), 
(1000003, 694, 0, 0, 0, 16), 
(1000003, 772, 0, 0, 0, 4), 
(1000003, 845, 0, 0, 0, 20), 
(1000003, 871, 0, 0, 0, 28), 
(1000003, 1160, 0, 0, 0, 14), 
(1000003, 1161, 0, 0, 0, 26), 
(1000003, 1464, 0, 0, 0, 30), 
(1000003, 1608, 0, 0, 0, 24), 
(1000003, 1671, 0, 0, 0, 32), 
(1000003, 1672, 0, 0, 0, 52), 
(1000003, 1680, 0, 0, 0, 36), 
(1000003, 1715, 0, 0, 0, 8), 
(1000003, 1719, 0, 0, 0, 50), 
(1000003, 2048, 0, 0, 0, 69), 
(1000003, 2565, 0, 0, 0, 16), 
(1000003, 2687, 0, 0, 0, 10), 
(1000003, 3411, 0, 0, 0, 70), 
(1000003, 5242, 0, 0, 0, 12), 
(1000003, 5246, 0, 0, 0, 22), 
(1000003, 5308, 0, 0, 0, 24), 
(1000003, 6178, 0, 0, 0, 26), 
(1000003, 6190, 0, 0, 0, 24), 
(1000003, 6192, 0, 0, 0, 22), 
(1000003, 6343, 0, 0, 0, 6), 
(1000003, 6546, 0, 0, 0, 10), 
(1000003, 6547, 0, 0, 0, 20), 
(1000003, 6548, 0, 0, 0, 30), 
(1000003, 6552, 0, 0, 0, 38), 
(1000003, 6554, 0, 0, 0, 58), 
(1000003, 6572, 0, 0, 0, 14), 
(1000003, 6574, 0, 0, 0, 24), 
(1000003, 6673, 0, 0, 0, 0), 
(1000003, 7369, 0, 0, 0, 30), 
(1000003, 7372, 0, 0, 0, 32), 
(1000003, 7373, 0, 0, 0, 54), 
(1000003, 7379, 0, 0, 0, 34), 
(1000003, 7384, 0, 0, 0, 12), 
(1000003, 7400, 0, 0, 0, 26), 
(1000003, 7402, 0, 0, 0, 36), 
(1000003, 7887, 0, 0, 0, 28), 
(1000003, 8198, 0, 0, 0, 18), 
(1000003, 8204, 0, 0, 0, 28), 
(1000003, 8205, 0, 0, 0, 38), 
(1000003, 8820, 0, 0, 0, 38), 
(1000003, 11549, 0, 0, 0, 32), 
(1000003, 11550, 0, 0, 0, 42), 
(1000003, 11551, 0, 0, 0, 52), 
(1000003, 11554, 0, 0, 0, 34), 
(1000003, 11555, 0, 0, 0, 44), 
(1000003, 11556, 0, 0, 0, 54), 
(1000003, 11564, 0, 0, 0, 32), 
(1000003, 11565, 0, 0, 0, 40), 
(1000003, 11566, 0, 0, 0, 48), 
(1000003, 11567, 0, 0, 0, 56), 
(1000003, 11572, 0, 0, 0, 40), 
(1000003, 11573, 0, 0, 0, 50), 
(1000003, 11574, 0, 0, 0, 60), 
(1000003, 11578, 0, 0, 0, 46), 
(1000003, 11580, 0, 0, 0, 48), 
(1000003, 11581, 0, 0, 0, 58), 
(1000003, 11584, 0, 0, 0, 44), 
(1000003, 11585, 0, 0, 0, 60), 
(1000003, 11600, 0, 0, 0, 44), 
(1000003, 11601, 0, 0, 0, 54), 
(1000003, 11604, 0, 0, 0, 46), 
(1000003, 11605, 0, 0, 0, 54), 
(1000003, 11608, 0, 0, 0, 40), 
(1000003, 11609, 0, 0, 0, 50), 
(1000003, 12678, 0, 0, 0, 20), 
(1000003, 18499, 0, 0, 0, 32), 
(1000003, 20230, 0, 0, 0, 20), 
(1000003, 20559, 0, 0, 0, 46), 
(1000003, 20560, 0, 0, 0, 56), 
(1000003, 20569, 0, 0, 0, 60), 
(1000003, 20616, 0, 0, 0, 42), 
(1000003, 20617, 0, 0, 0, 52), 
(1000003, 20658, 0, 0, 0, 32), 
(1000003, 20660, 0, 0, 0, 40), 
(1000003, 20661, 0, 0, 0, 48), 
(1000003, 20662, 0, 0, 0, 56), 
(1000003, 21551, 0, 0, 0, 48), 
(1000003, 21552, 0, 0, 0, 54), 
(1000003, 21553, 0, 0, 0, 60), 
(1000003, 23892, 0, 0, 0, 48), 
(1000003, 23893, 0, 0, 0, 54), 
(1000003, 23894, 0, 0, 0, 60), 
(1000003, 23920, 0, 0, 0, 64), 
(1000003, 23922, 0, 0, 0, 40), 
(1000003, 23923, 0, 0, 0, 48), 
(1000003, 23924, 0, 0, 0, 54), 
(1000003, 23925, 0, 0, 0, 60), 
(1000003, 25202, 0, 0, 0, 62), 
(1000003, 25203, 0, 0, 0, 70), 
(1000003, 25208, 0, 0, 0, 68), 
(1000003, 25212, 0, 0, 0, 67), 
(1000003, 25231, 0, 0, 0, 68), 
(1000003, 25234, 0, 0, 0, 65), 
(1000003, 25236, 0, 0, 0, 70), 
(1000003, 25241, 0, 0, 0, 61), 
(1000003, 25242, 0, 0, 0, 69), 
(1000003, 25248, 0, 0, 0, 66), 
(1000003, 25251, 0, 0, 0, 66), 
(1000003, 25258, 0, 0, 0, 66), 
(1000003, 25264, 0, 0, 0, 67), 
(1000003, 25266, 0, 0, 0, 65), 
(1000003, 25269, 0, 0, 0, 63), 
(1000003, 25272, 0, 0, 0, 61), 
(1000003, 25275, 0, 0, 0, 69), 
(1000003, 25286, 0, 0, 0, 60), 
(1000003, 25288, 0, 0, 0, 60), 
(1000003, 25289, 0, 0, 0, 60), 
(1000003, 29704, 0, 0, 0, 64), 
(1000003, 29707, 0, 0, 0, 66), 
(1000003, 30016, 0, 0, 0, 60), 
(1000003, 30022, 0, 0, 0, 70), 
(1000003, 30324, 0, 0, 0, 70), 
(1000003, 30330, 0, 0, 0, 70), 
(1000003, 30335, 0, 0, 0, 70), 
(1000003, 30356, 0, 0, 0, 70), 
(1000003, 30357, 0, 0, 0, 70), 
(1000003, 34428, 0, 0, 0, 62), 
(1000003, 46845, 0, 0, 0, 71), 
(1000003, 47436, 0, 0, 0, 78), 
(1000003, 47437, 0, 0, 0, 79), 
(1000003, 47439, 0, 0, 0, 74), 
(1000003, 47440, 0, 0, 0, 80), 
(1000003, 47449, 0, 0, 0, 72), 
(1000003, 47450, 0, 0, 0, 76), 
(1000003, 47465, 0, 0, 0, 76), 
(1000003, 47470, 0, 0, 0, 73), 
(1000003, 47471, 0, 0, 0, 80), 
(1000003, 47474, 0, 0, 0, 74), 
(1000003, 47475, 0, 0, 0, 79), 
(1000003, 47485, 0, 0, 0, 75), 
(1000003, 47486, 0, 0, 0, 80), 
(1000003, 47487, 0, 0, 0, 75), 
(1000003, 47488, 0, 0, 0, 80), 
(1000003, 47497, 0, 0, 0, 75), 
(1000003, 47498, 0, 0, 0, 80), 
(1000003, 47501, 0, 0, 0, 73), 
(1000003, 47502, 0, 0, 0, 78), 
(1000003, 47519, 0, 0, 0, 72), 
(1000003, 47520, 0, 0, 0, 77), 
(1000003, 55694, 0, 0, 0, 75), 
(1000003, 57755, 0, 0, 0, 80), 
(1000003, 57823, 0, 0, 0, 80), 
(1000003, 64382, 0, 0, 0, 71), 
(1000003, 2458, 0, 0, 0, 30), 
(1000003, 20252, 0, 0, 0, 30), 
(1000003, 71, 0, 0, 0, 10), 
(1000003, 7386, 0, 0, 0, 10), 
(1000003, 355, 0, 0, 0, 10), 
(1000003, 33389, 0, 0, 0, 20), 
(1000003, 33392, 0, 762, 75, 40), 
(1000003, 34092, 0, 762, 150, 60), 
(1000003, 34093, 0, 762, 225, 70), 
(1000003, 54197, 0, 762, 225, 77), 
(1000003, 197, 0, 0, 0, 0), 
(1000003, 264, 0, 0, 0, 0), 
(1000003, 5011, 0, 0, 0, 0), 
(1000003, 1180, 0, 0, 0, 0), 
(1000003, 15590, 0, 0, 0, 0), 
(1000003, 266, 0, 0, 0, 0), 
(1000003, 196, 0, 0, 0, 0), 
(1000003, 198, 0, 0, 0, 0), 
(1000003, 201, 0, 0, 0, 0), 
(1000003, 200, 0, 0, 0, 0), 
(1000003, 227, 0, 0, 0, 0), 
(1000003, 199, 0, 0, 0, 0), 
(1000003, 202, 0, 0, 0, 0), 
(1000003, 53, 0, 0, 0, 4), 
(1000003, 408, 0, 0, 0, 30), 
(1000003, 703, 0, 0, 0, 14), 
(1000003, 921, 0, 0, 0, 4), 
(1000003, 1725, 0, 0, 0, 22), 
(1000003, 1757, 0, 0, 0, 6), 
(1000003, 1758, 0, 0, 0, 14), 
(1000003, 1759, 0, 0, 0, 22), 
(1000003, 1760, 0, 0, 0, 30), 
(1000003, 1766, 0, 0, 0, 12), 
(1000003, 1776, 0, 0, 0, 6), 
(1000003, 1784, 0, 0, 0, 0), 
(1000003, 1785, 0, 0, 0, 20), 
(1000003, 1786, 0, 0, 0, 40), 
(1000003, 1787, 0, 0, 0, 60), 
(1000003, 1804, 0, 0, 0, 16), 
(1000003, 1833, 0, 0, 0, 26), 
(1000003, 1842, 0, 0, 0, 30), 
(1000003, 1856, 0, 0, 0, 22), 
(1000003, 1857, 0, 0, 0, 42), 
(1000003, 1860, 0, 0, 0, 40), 
(1000003, 1943, 0, 0, 0, 20), 
(1000003, 1966, 0, 0, 0, 16), 
(1000003, 2070, 0, 0, 0, 28), 
(1000003, 2094, 0, 0, 0, 34), 
(1000003, 2589, 0, 0, 0, 12), 
(1000003, 2590, 0, 0, 0, 20), 
(1000003, 2591, 0, 0, 0, 28), 
(1000003, 2836, 0, 0, 0, 24), 
(1000003, 2983, 0, 0, 0, 10), 
(1000003, 5171, 0, 0, 0, 10), 
(1000003, 5277, 0, 0, 0, 8), 
(1000003, 5938, 0, 0, 0, 70), 
(1000003, 6760, 0, 0, 0, 8), 
(1000003, 6761, 0, 0, 0, 16), 
(1000003, 6762, 0, 0, 0, 24), 
(1000003, 6768, 0, 0, 0, 28), 
(1000003, 6770, 0, 0, 0, 10), 
(1000003, 6774, 0, 0, 0, 42), 
(1000003, 8621, 0, 0, 0, 38), 
(1000003, 8623, 0, 0, 0, 32), 
(1000003, 8624, 0, 0, 0, 40), 
(1000003, 8631, 0, 0, 0, 22), 
(1000003, 8632, 0, 0, 0, 30), 
(1000003, 8633, 0, 0, 0, 38), 
(1000003, 8637, 0, 0, 0, 40), 
(1000003, 8639, 0, 0, 0, 28), 
(1000003, 8640, 0, 0, 0, 36), 
(1000003, 8643, 0, 0, 0, 50), 
(1000003, 8647, 0, 0, 0, 14), 
(1000003, 8676, 0, 0, 0, 18), 
(1000003, 8696, 0, 0, 0, 34), 
(1000003, 8721, 0, 0, 0, 36), 
(1000003, 8724, 0, 0, 0, 26), 
(1000003, 8725, 0, 0, 0, 34), 
(1000003, 11267, 0, 0, 0, 42), 
(1000003, 11268, 0, 0, 0, 50), 
(1000003, 11269, 0, 0, 0, 58), 
(1000003, 11273, 0, 0, 0, 44), 
(1000003, 11274, 0, 0, 0, 52), 
(1000003, 11275, 0, 0, 0, 60), 
(1000003, 11279, 0, 0, 0, 44), 
(1000003, 11280, 0, 0, 0, 52), 
(1000003, 11281, 0, 0, 0, 60), 
(1000003, 11289, 0, 0, 0, 46), 
(1000003, 11290, 0, 0, 0, 54), 
(1000003, 11293, 0, 0, 0, 46), 
(1000003, 11294, 0, 0, 0, 54), 
(1000003, 11297, 0, 0, 0, 48), 
(1000003, 11299, 0, 0, 0, 48), 
(1000003, 11300, 0, 0, 0, 56), 
(1000003, 11303, 0, 0, 0, 52), 
(1000003, 11305, 0, 0, 0, 58), 
(1000003, 17347, 0, 0, 0, 46), 
(1000003, 17348, 0, 0, 0, 58), 
(1000003, 25300, 0, 0, 0, 60), 
(1000003, 25302, 0, 0, 0, 60), 
(1000003, 26669, 0, 0, 0, 50), 
(1000003, 26679, 0, 0, 0, 64), 
(1000003, 26839, 0, 0, 0, 61), 
(1000003, 26861, 0, 0, 0, 62), 
(1000003, 26862, 0, 0, 0, 70), 
(1000003, 26863, 0, 0, 0, 68), 
(1000003, 26864, 0, 0, 0, 70), 
(1000003, 26865, 0, 0, 0, 64), 
(1000003, 26867, 0, 0, 0, 68), 
(1000003, 26884, 0, 0, 0, 70), 
(1000003, 26889, 0, 0, 0, 62), 
(1000003, 27441, 0, 0, 0, 66), 
(1000003, 27448, 0, 0, 0, 64), 
(1000003, 31016, 0, 0, 0, 60), 
(1000003, 31224, 0, 0, 0, 66), 
(1000003, 32645, 0, 0, 0, 62), 
(1000003, 32684, 0, 0, 0, 69), 
(1000003, 34411, 0, 0, 0, 50), 
(1000003, 34412, 0, 0, 0, 60), 
(1000003, 34413, 0, 0, 0, 70), 
(1000003, 48637, 0, 0, 0, 76), 
(1000003, 48638, 0, 0, 0, 80), 
(1000003, 48656, 0, 0, 0, 74), 
(1000003, 48657, 0, 0, 0, 80), 
(1000003, 48658, 0, 0, 0, 72), 
(1000003, 48659, 0, 0, 0, 78), 
(1000003, 48660, 0, 0, 0, 80), 
(1000003, 48663, 0, 0, 0, 75), 
(1000003, 48666, 0, 0, 0, 80), 
(1000003, 48667, 0, 0, 0, 73), 
(1000003, 48668, 0, 0, 0, 79), 
(1000003, 48671, 0, 0, 0, 74), 
(1000003, 48672, 0, 0, 0, 79), 
(1000003, 48673, 0, 0, 0, 70), 
(1000003, 48674, 0, 0, 0, 76), 
(1000003, 48675, 0, 0, 0, 75), 
(1000003, 48676, 0, 0, 0, 80), 
(1000003, 48689, 0, 0, 0, 70), 
(1000003, 48690, 0, 0, 0, 75), 
(1000003, 48691, 0, 0, 0, 80), 
(1000003, 51722, 0, 0, 0, 20), 
(1000003, 51723, 0, 0, 0, 80), 
(1000003, 51724, 0, 0, 0, 71), 
(1000003, 57934, 0, 0, 0, 75), 
(1000003, 57992, 0, 0, 0, 74), 
(1000003, 57993, 0, 0, 0, 80);